0.007053
0.003494
0.004223
0.009703
0.006252
0.003940
0.002241
0.003299
0.008231
0.003192
0.008551
0.002802
0.002745
0.008878
0.011453
0.007403
0.003377
0.004022
0.006315
0.010812
0.006079
0.002722
0.003364
0.006423
0.010836
0.002808
0.002878
0.008854
0.010675
0.002925
0.004209
0.003037
0.013025
0.009265
0.008131
0.003125
0.002628
0.008791
0.012606
0.006092
0.003728
0.003410
0.002797
0.003155
0.011764
0.003636
0.002609
0.002863
0.010967
0.003563
0.002031
0.003203
0.008718
0.009635
0.002808
0.002754
0.003403
0.004864
0.008478
0.011311
0.003460
0.003140
0.006893
0.007801
0.006337
0.002855
0.003280
0.003145
0.009239
0.007756
0.003182
0.004049
0.008212
0.005890
0.006459
0.003589
0.003077
0.005187
0.006547
0.007541
0.003157
0.002659
0.003087
0.010520
0.008098
0.002662
0.004161
0.009006
0.008334
0.002897
0.003971
0.003982
0.004539
0.002923
0.005280
0.002779
0.003277
0.005228
0.011129
0.007099
0.002736
0.002969
0.004591
0.008700
0.005084
0.003038
0.003624
0.002921
0.007628
0.004359
0.003488
0.003532
0.010900
0.012857
0.006771
0.002823
0.003499
0.002570
0.008791
0.003881
0.003287
0.003408
0.009307
0.006726
0.011472
0.004374
0.002059
0.002605
0.010148
0.007291
0.003345
0.002621
0.008321
0.011264
0.006665
0.007470
0.002602
0.002264
0.004042
0.011849
0.002083
0.002545
0.007053
0.012819
0.011237
0.004153
0.004088
0.002289
0.011098
0.009180
0.004215
0.002525
0.011182
0.011843
0.010009
0.002549
0.002289
0.007710
0.007977
0.004328
0.001965
0.008544
0.007043
0.016582
0.007943
0.002315
0.002578
0.004803
0.015386
0.003701
0.003114
0.011604
0.006622
0.009043
0.002268
0.003687
0.004869
0.003163
0.010314
0.002675
0.002221
0.002130
0.013380
0.010762
0.006825
0.002744
0.002491
0.007402
0.007749
0.003405
0.003779
0.002042
0.015819
0.006819
0.009172
0.002547
0.002762
0.005877
0.007109
0.003493
0.002806
0.002871
0.008744
0.005962
0.003404
0.002788
0.006239
0.010519
0.011943
0.004171
0.002560
0.012162
0.005382
0.010742
0.002743
0.003234
0.005062
0.011182
0.002461
0.002812
0.003249
0.006615
0.010156
0.004174
0.002710
0.002525
0.009153
0.011304
0.006525
0.002866
0.003316
0.006020
0.006396
0.010301
0.003561
0.002783
0.002740
0.010253
0.007009
0.002753
0.002790
0.002975
0.010621
0.010579
0.002734
0.003359
0.002743
0.011788
0.006720
0.002704
0.002641
0.002719
0.003153
0.004994
0.003589
0.002732
0.002959
0.007506
0.006162
0.003622
0.002747
0.002778
0.005165
0.007340
0.002869
0.003349
0.003316
0.007684
0.005766
0.003554
0.002817
0.002798
0.009305
0.008312
0.003008
0.003392
0.002886
0.006647
0.003596
0.003146
0.003559
0.002771
0.011152
0.002909
0.002692
0.003417
0.002725
0.011109
0.007800
0.002890
0.002552
0.011389
0.012417
0.003808
0.003549
0.003165
0.002587
0.012333
0.003113
0.003108
0.003056
0.012201
0.008789
0.014118
0.002015
0.002058
0.005836
0.014736
0.006154
0.002725
0.004009
0.002872
0.013431
0.004070
0.004841
0.002632
0.007620
0.012504
0.011709
0.003839
0.002838
0.006104
0.008547
0.006565
0.002087
0.002738
0.003253
0.012808
0.009951
0.002333
0.002342
0.002359
0.005604
0.010971
0.004090
0.002461
0.002495
0.008154
0.013403
0.002936
0.003689
0.007946
0.012703
0.012808
0.002114
0.002762
0.002973
0.007897
0.008911
0.002264
0.003289
0.004292
0.010571
0.011459
0.002913
0.003500
0.003796
0.011952
0.010749
0.006728
0.002808
0.002756
0.011045
0.013385
0.002581
0.003512
0.010624
0.008876
0.003071
0.004521
0.002938
0.010048
0.009862
0.002818
0.004006
0.003281
0.012411
0.009679
0.002780
0.002867
0.003578
0.013635
0.005647
0.002222
0.002776
0.004000
0.011783
0.012355
0.008500
0.002196
0.009946
0.008801
0.008359
0.007615
0.003441
0.004671
0.012113
0.012711
0.012938
0.002254
0.007022
0.010149
0.011059
0.002597
0.003479
0.003000
0.007278
0.003213
0.002682
0.004225
0.008572
0.010731
0.004583
0.002716
0.004805
0.009338
0.002751
0.005889
0.002262
0.003667
0.002708
0.010383
0.010963
0.002872
0.003324
0.009086
0.011371
0.008079
0.003593
0.002502
0.002886
0.013914
0.014793
0.002747
0.002783
0.002955
0.010855
0.011763
0.002815
0.003065
0.002577
0.005815
0.010886
0.003017
0.003042
0.008307
0.003766
0.008280
0.002827
0.003410
0.004560
0.005996
0.011537
0.002800
0.002789
0.002419
0.010438
0.007707
0.007665
0.004815
0.002740
0.005933
0.010208
0.006760
0.002681
0.007237
0.009746
0.004949
0.003338
0.003447
0.005274
0.010773
0.007284
0.002361
0.003347
0.003103
0.012907
0.012352
0.009535
0.002520
0.002649
0.008288
0.003083
0.003561
0.002310
0.005147
0.008317
0.005184
0.002819
0.002683
0.003394
0.011839
0.003833
0.002915
0.003281
0.002803
0.007252
0.003824
0.005539
0.002853
