0.006976
0.003501
0.019552
0.009460
0.008871
0.003858
0.002262
0.002290
0.011285
0.009750
0.004581
0.007697
0.006345
0.002816
0.004922
0.007991
0.008771
0.002148
0.010465
0.010450
0.005442
0.004546
0.013967
0.010909
0.003427
0.003032
0.002009
0.009861
0.003961
0.007983
0.003349
0.002573
0.010016
0.005152
0.005187
0.003443
0.002640
0.008728
0.003176
0.004260
0.002338
0.008285
0.006405
0.005106
0.002671
0.002955
0.009421
0.007719
0.004774
0.002806
0.002569
0.010189
0.006509
0.006924
0.002570
0.002663
0.012754
0.005856
0.006040
0.003282
0.002547
0.009091
0.007452
0.002915
0.003733
0.002051
0.007611
0.003266
0.003759
0.002064
0.002312
0.008772
0.003400
0.007063
0.006838
0.002616
0.011570
0.004305
0.004399
0.003113
0.002518
0.008557
0.004773
0.003029
0.003190
0.002116
0.017122
0.003716
0.006975
0.003645
0.004368
0.012823
0.005607
0.003714
0.003549
0.009225
0.007099
0.004680
0.006599
0.002169
0.012196
0.007118
0.003245
0.002412
0.009732
0.007035
0.005415
0.003049
0.004212
0.009057
0.005972
0.006240
0.003391
0.003971
0.003224
0.006289
0.002938
0.003325
0.006342
0.009835
0.007842
0.006757
0.001865
0.009170
0.013918
0.007095
0.007033
0.002620
0.005766
0.012118
0.004029
0.004521
0.005653
0.007700
0.010634
0.004116
0.006884
0.003699
0.005173
0.009301
0.005172
0.004758
0.006619
0.002966
0.003035
0.008126
0.017618
0.002339
0.003022
0.005759
0.004100
0.007081
0.002091
0.002742
0.007892
0.004551
0.008147
0.002786
0.003781
0.011672
0.005922
0.003817
0.002221
0.002770
0.008555
0.003202
0.003354
0.002076
0.003057
0.008466
0.003227
0.006920
0.002312
0.002498
0.011111
0.007150
0.005168
0.002184
0.003021
0.006186
0.003602
0.005403
0.002786
0.002619
0.012578
0.003737
0.003723
0.002033
0.008537
0.003579
0.008455
0.006932
0.011761
0.007112
0.005834
0.009319
0.002410
0.011159
0.005749
0.004875
0.003153
0.011395
0.006972
0.006159
0.003141
0.003520
0.003208
0.004149
0.007386
0.002322
0.002443
0.012131
0.004800
0.006351
0.002751
0.002705
0.009403
0.002908
0.002876
0.002267
0.002646
0.003066
0.003387
0.007245
0.003317
0.003024
0.008339
0.004849
0.005140
0.002998
0.002618
0.006328
0.007867
0.006929
0.003004
0.004256
0.010087
0.003546
0.003651
0.004217
0.005089
0.007267
0.005578
0.003256
0.006241
0.007560
0.010453
0.004609
0.002761
0.003991
0.009887
0.006783
0.010775
0.002087
0.002702
0.011392
0.007274
0.002934
0.003335
0.002036
0.010681
0.004770
0.006405
0.002813
0.002724
0.009563
0.003913
0.004006
0.002765
0.002628
0.005170
0.005353
0.003182
0.002680
0.008954
0.004664
0.004351
0.005840
0.069535
0.012934
0.005426
0.004194
0.002241
0.002148
0.008563
0.005463
0.003517
0.003381
0.004034
0.008335
0.007583
0.007357
0.003470
0.005812
0.012460
0.002885
0.004497
0.002332
0.003912
0.004543
0.003699
0.005855
0.002334
0.006189
0.011509
0.003040
0.004957
0.003190
0.002834
0.002723
0.013223
0.004087
0.002870
0.003197
0.006614
0.006432
0.005452
0.006605
0.004116
0.003331
0.007923
0.006909
0.005822
0.003555
0.006845
0.005962
0.006732
0.002950
0.006829
0.011709
0.003336
0.006042
0.002590
0.002507
0.018502
0.005707
0.008297
0.003078
0.002289
0.009466
0.010161
0.007896
0.003757
0.002546
0.002796
0.005016
0.006866
0.002334
0.002814
0.008021
0.003812
0.007956
0.003148
0.002157
0.006139
0.004002
0.004980
0.010064
0.004868
0.005769
0.006090
0.004709
0.006710
0.008747
0.008010
0.004110
0.002325
0.002263
0.009828
0.007471
0.005297
0.002213
0.002840
0.008930
0.005567
0.007016
0.009825
0.002440
0.009142
0.004351
0.008016
0.008470
0.002434
0.012586
0.007684
0.006038
0.002240
0.002336
0.006831
0.004006
0.003996
0.006132
0.008632
0.002055
0.010308
0.008021
0.010527
0.002819
0.003898
0.012721
0.007968
0.003600
0.002857
0.003244
0.010991
0.004581
0.003476
0.002725
0.002375
0.011447
0.006043
0.006368
0.002857
0.002252
0.008908
0.007723
0.010578
0.003854
0.002179
0.005340
0.007955
0.005330
0.005359
0.010150
0.010904
0.006987
0.005840
0.002133
0.002285
0.006977
0.006611
0.004520
0.010014
0.006098
0.008847
0.003136
0.004344
0.004516
0.003049
0.003919
0.009890
0.006366
0.007791
0.002471
0.014446
0.006512
0.005425
0.002862
0.002882
0.005242
0.007102
0.004933
0.002811
0.002166
0.012176
0.004111
0.005595
0.003459
0.009680
0.009054
0.007939
0.007749
0.002212
0.003663
0.012343
0.007881
0.003176
0.002407
0.001934
0.006728
0.003407
0.007628
0.002794
0.004329
0.009871
0.004061
0.005190
0.002573
0.005735
0.009530
0.007294
0.003486
0.002030
0.003360
0.010005
0.002838
0.005945
0.006704
0.002044
0.006167
0.005387
0.006892
0.003097
0.006907
0.009196
0.005527
0.003506
0.003002
0.003516
0.002662
