0.003789
0.003976
0.012402
0.007188
0.003419
0.002896
0.003023
0.009755
0.009029
0.004524
0.004198
0.009378
0.009508
0.004190
0.002678
0.003301
0.010000
0.006920
0.002772
0.003393
0.009233
0.014240
0.004220
0.003601
0.002769
0.002924
0.011407
0.005356
0.003537
0.003356
0.007553
0.008726
0.009845
0.003253
0.003101
0.002461
0.008875
0.004418
0.002604
0.003586
0.002799
0.006818
0.008596
0.002864
0.002737
0.004823
0.010747
0.007300
0.005244
0.002898
0.002905
0.010161
0.006918
0.003601
0.002483
0.003395
0.002758
0.007437
0.002041
0.002932
0.004166
0.009863
0.006910
0.004139
0.004459
0.009966
0.006699
0.002779
0.003214
0.002819
0.006310
0.010432
0.002618
0.003476
0.002968
0.005084
0.003835
0.002749
0.003553
0.002979
0.012085
0.005331
0.002286
0.002807
0.002981
0.009706
0.005375
0.002508
0.002703
0.003544
0.010906
0.009617
0.003084
0.003230
0.004134
0.003577
0.007110
0.003485
0.003327
0.003311
0.008777
0.008489
0.003490
0.002423
0.002488
0.010918
0.004798
0.003504
0.002528
0.003513
0.005754
0.008130
0.002616
0.002696
0.013609
0.006843
0.004274
0.002852
0.002731
0.003294
0.013028
0.009671
0.003633
0.003074
0.009745
0.009367
0.002960
0.002817
0.003361
0.005607
0.009987
0.003842
0.003529
0.002839
0.003189
0.005600
0.002669
0.002857
0.003410
0.002791
0.009761
0.007155
0.008448
0.002505
0.003845
0.005992
0.004198
0.002730
0.002539
0.004428
0.008398
0.002932
0.003924
0.003828
0.002616
0.008834
0.008795
0.003623
0.002984
0.003615
0.010804
0.008903
0.004501
0.002954
0.004251
0.007396
0.003925
0.002775
0.003731
0.002587
0.013739
0.005853
0.002982
0.003679
0.003700
0.008834
0.005056
0.002817
0.003230
0.005475
0.008141
0.005792
0.002960
0.002798
0.008654
0.012275
0.005091
0.009948
0.003288
0.007281
0.004388
0.007413
0.003973
0.002866
0.008136
0.013905
0.004140
0.005653
0.002624
0.012642
0.009546
0.008084
0.003086
0.002848
0.003528
0.012667
0.012235
0.008591
0.002398
0.003263
0.012663
0.006651
0.003154
0.003724
0.009071
0.012474
0.012969
0.009580
0.004028
0.003713
0.010835
0.012808
0.002235
0.003674
0.003480
0.005879
0.009221
0.003728
0.003271
0.002434
0.011278
0.006951
0.003043
0.003106
0.005919
0.010933
0.008337
0.002781
0.002164
0.007292
0.008197
0.007886
0.003728
0.003063
0.002865
0.008887
0.002834
0.002760
0.003349
0.002366
0.010064
0.006521
0.003464
0.003854
0.008129
0.008072
0.005717
0.002832
0.003955
0.003175
0.005840
0.011652
0.003155
0.003306
0.003217
0.009706
0.004858
0.003546
0.003197
0.005617
0.010577
0.003518
0.002185
0.007056
0.009321
0.009628
0.008516
0.002357
0.006007
0.008344
0.008564
0.004640
0.002993
0.003457
0.014179
0.005078
0.002549
0.003225
0.002935
0.011398
0.009421
0.013243
0.003118
0.002927
0.012018
0.006450
0.004062
0.003907
0.012234
0.004625
0.003608
0.003319
0.009814
0.011691
0.002896
0.003320
0.002687
0.009421
0.007301
0.002553
0.002658
0.005139
0.008002
0.009703
0.004768
0.003717
0.002889
0.006617
0.004036
0.003139
0.002927
0.002843
0.008052
0.003041
0.002706
0.003329
0.006594
0.007361
0.011746
0.002977
0.004044
0.002363
0.010534
0.010384
0.005534
0.002539
0.007318
0.009452
0.008217
0.003612
0.003370
0.007719
0.011727
0.007597
0.002937
0.002832
0.013279
0.005620
0.004150
0.003779
0.002616
0.009381
0.004369
0.002813
0.002791
0.007176
0.009682
0.003691
0.003295
0.002565
0.002779
0.009137
0.007005
0.003105
0.002659
0.002932
0.007624
0.011067
0.002728
0.002674
0.003037
0.009589
0.006815
0.003904
0.002750
0.002906
0.007288
0.007222
0.002892
0.002695
0.002353
0.006520
0.008562
0.003248
0.003192
0.011224
0.009095
0.003872
0.002714
0.002838
0.002774
0.008341
0.004204
0.002685
0.002758
0.002954
0.010914
0.009740
0.002656
0.002855
0.002603
0.010925
0.010694
0.002904
0.003336
0.007789
0.006831
0.002146
0.003392
0.006228
0.005675
0.005182
0.003379
0.002906
0.006513
0.007829
0.010375
0.003306
0.003330
0.008497
0.002679
0.005651
0.002843
0.002887
0.005625
0.011122
0.006866
0.004436
0.002846
0.002837
0.010211
0.006883
0.007368
0.003438
0.003441
0.011730
0.006281
0.009366
0.003229
0.003703
0.009743
0.004024
0.001948
0.002893
0.002755
0.007161
0.006170
0.002713
0.002894
0.008274
0.012641
0.014523
0.004437
0.002841
0.004532
0.013070
0.009237
0.003941
0.003389
0.009809
0.008476
0.006796
0.003111
0.002946
0.009265
0.037839
0.007834
0.003086
0.003225
0.005850
0.008296
0.007310
0.003404
0.002826
0.002412
0.010791
0.003881
0.003372
0.003405
0.004522
0.011895
0.005895
0.001954
0.002658
0.007221
0.011234
0.007252
0.003277
0.002669
0.005912
0.013507
0.006221
0.003548
0.002988
0.002902
0.011150
0.007319
0.003014
0.002660
0.002924
