0.001856
0.002297
0.006394
0.012909
0.002444
0.002210
0.008267
0.002045
0.002119
0.008527
0.002328
0.002188
0.001842
0.007286
0.007727
0.002409
0.002686
0.012391
0.007674
0.002829
0.002419
0.002140
0.002520
0.008941
0.002047
0.002120
0.002362
0.004253
0.009562
0.002294
0.001692
0.001972
0.001837
0.007281
0.001917
0.002366
0.002381
0.001715
0.012742
0.002681
0.002242
0.001847
0.001945
0.005965
0.001749
0.002079
0.002559
0.003697
0.005734
0.002341
0.001635
0.001949
0.002174
0.003753
0.002251
0.003139
0.002223
0.002410
0.008844
0.001692
0.002391
0.002566
0.001898
0.003166
0.001966
0.001975
0.001675
0.004355
0.009960
0.002410
0.002176
0.002704
0.002237
0.005281
0.001912
0.001858
0.001956
0.003741
0.011525
0.001974
0.003429
0.004289
0.003543
0.006705
0.002264
0.002130
0.010127
0.004075
0.003387
0.002365
0.002013
0.001848
0.008927
0.001684
0.002185
0.002375
0.003028
0.010855
0.007742
0.001776
0.002140
0.003081
0.007040
0.002794
0.001861
0.003380
0.009377
0.005742
0.002196
0.002114
0.002103
0.004629
0.013692
0.003894
0.002310
0.002109
0.012571
0.013266
0.007693
0.001828
0.002548
0.004753
0.009429
0.006886
0.001748
0.002617
0.002779
0.006420
0.006713
0.001773
0.003838
0.001931
0.003509
0.003120
0.002988
0.002482
0.003366
0.002599
0.002652
0.001737
0.001959
0.001864
0.008151
0.001776
0.002515
0.001781
0.003339
0.001984
0.002855
0.001991
0.002187
0.002128
0.010454
0.002615
0.002244
0.001689
0.012168
0.006009
0.001920
0.001687
0.002584
0.001823
0.001877
0.001770
0.002452
0.001738
0.007233
0.007060
0.002100
0.002708
0.002089
0.002128
0.010651
0.001814
0.001623
0.002180
0.002149
0.004952
0.001930
0.002401
0.002629
0.001819
0.007113
0.002225
0.001724
0.002627
0.002057
0.002812
0.001789
0.002087
0.002506
0.005123
0.003507
0.002062
0.002028
0.002516
0.001909
0.009069
0.003351
0.001877
0.001856
0.001811
0.004035
0.002598
0.002384
0.002270
0.007407
0.005518
0.001656
0.002331
0.001737
0.001886
0.005073
0.001829
0.001653
0.001989
0.001629
0.005924
0.002476
0.001894
0.002690
0.001932
0.005290
0.002080
0.001706
0.001883
0.001870
0.004902
0.002687
0.002455
0.002551
0.004323
0.002012
0.001827
0.002622
0.002118
0.006654
0.005960
0.001753
0.002479
0.002646
0.001732
0.004038
0.007811
0.002711
0.001787
0.001800
0.008360
0.001626
0.001688
0.001649
0.007532
0.006643
0.002699
0.002021
0.001742
0.006848
0.004132
0.002002
0.002448
0.002214
0.001741
0.003210
0.002065
0.001612
0.002004
0.001727
0.008152
0.001867
0.002363
0.001717
0.002019
0.001909
0.001932
0.001640
0.002054
0.002401
0.004972
0.002698
0.001894
0.002090
0.002145
0.009581
0.001633
0.001916
0.002386
0.001911
0.010821
0.001876
0.001832
0.001780
0.002189
0.002964
0.001885
0.001622
0.002086
0.002094
0.005338
0.002276
0.002193
0.002564
0.006489
0.003036
0.005510
0.002505
0.001737
0.002017
0.008099
0.002118
0.001825
0.002476
0.005979
0.003392
0.002766
0.002734
0.010185
0.011599
0.001754
0.001935
0.001746
0.001686
0.005542
0.001692
0.001812
0.001691
0.001989
0.002770
0.002608
0.001943
0.002611
0.001847
0.004690
0.002170
0.001743
0.001584
0.002012
0.004972
0.002347
0.001791
0.001673
0.006783
0.004956
0.002806
0.001921
0.001851
0.002085
0.002874
0.002185
0.001632
0.001673
0.001807
0.003977
0.002194
0.002546
0.002089
0.002258
0.005052
0.001731
0.002042
0.002020
0.005462
0.004422
0.002068
0.001751
0.001692
0.002446
0.003143
0.001845
0.002087
0.002489
0.005499
0.007859
0.002226
0.003257
0.002156
0.001618
0.012486
0.002672
0.001929
0.002236
0.001704
0.003343
0.001605
0.002472
0.001808
0.001863
0.009254
0.002399
0.001901
0.002091
0.002455
0.007526
0.002414
0.002245
0.001567
0.002043
0.010971
0.001897
0.001633
0.001807
0.002345
0.011305
0.002582
0.001907
0.002714
0.001709
0.005845
0.001915
0.002512
0.002254
0.002723
0.008070
0.001755
0.002190
0.002384
0.001881
0.006962
0.001739
0.001795
0.002063
0.004357
0.005776
0.001822
0.002074
0.001650
0.001850
0.008348
0.009043
0.002726
0.002203
0.001772
0.005670
0.004710
0.002488
0.002136
0.005248
0.004651
0.002647
0.001861
0.002412
0.001683
0.007808
0.001823
0.002078
0.002225
0.006162
0.009783
0.001798
0.001805
0.002238
0.002031
0.005080
0.002436
0.003202
0.006527
0.006595
0.002637
0.002608
0.002173
0.001994
0.009372
0.001824
0.004613
0.002376
0.001751
0.002033
0.005878
0.001706
0.001686
0.001748
0.002510
0.009303
0.001896
0.002149
0.002416
0.001795
0.007116
0.001844
0.002373
0.001999
0.001919
0.006111
0.001765
0.002188
0.001970
0.002009
0.010601
0.001950
0.002015
0.002754
0.002101
0.014749
0.001787
0.002166
0.002066
0.006286
0.008879
0.001938
0.001653
0.001778
