0.003159
0.002314
0.004520
0.003758
0.008652
0.002049
0.002402
0.003051
0.002572
0.008604
0.002976
0.001986
0.010984
0.004539
0.002945
0.003085
0.002179
0.003311
0.005994
0.002816
0.003181
0.007397
0.008975
0.004716
0.008890
0.002569
0.002703
0.007051
0.003945
0.008584
0.002887
0.004510
0.011162
0.006928
0.002024
0.002532
0.002119
0.006727
0.005644
0.002493
0.003521
0.002076
0.007666
0.002229
0.002643
0.006884
0.009218
0.006309
0.002491
0.002293
0.002375
0.014716
0.006998
0.007625
0.002091
0.009309
0.007530
0.003269
0.004022
0.010988
0.005983
0.002853
0.002835
0.002561
0.002304
0.010705
0.003172
0.001825
0.002150
0.002065
0.010057
0.004299
0.024552
0.002567
0.002062
0.005751
0.005892
0.006744
0.002564
0.002183
0.010483
0.005026
0.002329
0.003632
0.005448
0.005084
0.007304
0.001777
0.002032
0.005600
0.009034
0.006470
0.002647
0.002033
0.002442
0.005615
0.004613
0.001836
0.002125
0.003806
0.005786
0.016526
0.002066
0.002230
0.002370
0.004326
0.003135
0.006668
0.002509
0.001898
0.007974
0.009235
0.002255
0.002897
0.001892
0.012402
0.005117
0.003358
0.002344
0.007078
0.009028
0.008660
0.002688
0.002758
0.010530
0.005819
0.007783
0.002672
0.003481
0.012699
0.011251
0.002911
0.002433
0.002047
0.006771
0.005813
0.002800
0.002138
0.004706
0.008963
0.004792
0.002002
0.002696
0.004463
0.012373
0.005262
0.002763
0.002814
0.002557
0.007525
0.004163
0.005659
0.002298
0.005933
0.002991
0.004252
0.003205
0.002689
0.002628
0.010731
0.005952
0.002625
0.003217
0.004612
0.010461
0.004908
0.001950
0.002332
0.005810
0.011660
0.003274
0.002761
0.003003
0.003161
0.010138
0.002114
0.002484
0.002746
0.009511
0.006887
0.002447
0.003258
0.002587
0.004822
0.005627
0.003177
0.002715
0.002598
0.011206
0.006672
0.002234
0.002068
0.003630
0.007870
0.007233
0.002028
0.001825
0.003048
0.007897
0.006833
0.002759
0.002738
0.008944
0.007345
0.002878
0.002328
0.002876
0.007444
0.010564
0.003772
0.003468
0.008488
0.003574
0.003236
0.002839
0.002699
0.001941
0.010450
0.003789
0.002281
0.002910
0.002112
0.008016
0.005225
0.002717
0.002219
0.002695
0.009137
0.007137
0.002031
0.002729
0.002213
0.008466
0.006660
0.003645
0.002298
0.007995
0.009979
0.005848
0.003790
0.002304
0.002056
0.009158
0.003826
0.002783
0.002719
0.002760
0.010420
0.002919
0.009677
0.003074
0.002824
0.008103
0.006140
0.002574
0.003400
0.002122
0.008463
0.002733
0.002836
0.003565
0.007895
0.009135
0.003673
0.001991
0.002650
0.012024
0.006531
0.002866
0.003096
0.002604
0.002419
0.009245
0.007443
0.001891
0.002053
0.008017
0.006264
0.007080
0.005481
0.003628
0.003293
0.011992
0.002941
0.006035
0.001843
0.004750
0.009955
0.009786
0.001853
0.003238
0.005483
0.010833
0.004205
0.001798
0.003560
0.010249
0.003224
0.003099
0.002431
0.008633
0.007099
0.007884
0.002352
0.002946
0.002596
0.011954
0.017750
0.002745
0.003364
0.003209
0.009482
0.003963
0.007483
0.002256
0.002455
0.005772
0.007139
0.005685
0.002292
0.002207
0.029820
0.006221
0.002121
0.003197
0.003706
0.004744
0.003635
0.003225
0.003747
0.013383
0.007359
0.002097
0.003836
0.007244
0.009322
0.006897
0.001927
0.002412
0.002804
0.005536
0.005944
0.009745
0.002366
0.004685
0.013032
0.004327
0.002230
0.002275
0.007083
0.008207
0.003493
0.002632
0.002091
0.005698
0.012220
0.007138
0.006600
0.002521
0.002697
0.009128
0.006887
0.002317
0.002644
0.006404
0.008125
0.003878
0.001828
0.002130
0.002417
0.008666
0.008123
0.002349
0.002475
0.010683
0.012091
0.003803
0.003192
0.002882
0.002810
0.005267
0.011142
0.002318
0.007643
0.012554
0.005594
0.007761
0.002312
0.002087
0.011242
0.005844
0.002507
0.003457
0.007028
0.009371
0.005423
0.006049
0.002248
0.008028
0.011807
0.004099
0.002858
0.002563
0.004694
0.008936
0.006970
0.002858
0.002735
0.005833
0.003046
0.005821
0.003626
0.003344
0.006988
0.005783
0.007942
0.211754
0.002494
0.006132
0.009876
0.004738
0.002183
0.002173
0.005818
0.015358
0.005922
0.012732
0.002548
0.002514
0.009240
0.004071
0.002681
0.002847
0.002956
0.009951
0.006985
0.004773
0.002956
0.003511
0.006245
0.004210
0.004030
0.003004
0.002556
0.006744
0.002847
0.002517
0.003589
0.004693
0.008421
0.002786
0.003097
0.002033
0.005151
0.006167
0.007681
0.002416
0.013404
0.011604
0.005409
0.002568
0.003561
0.010557
0.007527
0.002741
0.002766
0.003361
0.012693
0.008657
0.008708
0.003878
0.002465
0.014939
0.010408
0.006205
0.005617
0.002218
0.002629
0.004889
0.002508
0.002448
0.002418
0.011430
0.004110
0.002773
0.002893
0.002259
0.011496
0.005147
0.006828
0.003902
0.007183
0.005714
0.003722
0.003850
0.002704
0.007828
0.004204
0.001956
0.002430
