0.002856
0.012640
0.004000
0.002153
0.001900
0.002517
0.012808
0.002800
0.002621
0.002034
0.002569
0.003798
0.004930
0.002757
0.002037
0.002463
0.015190
0.059399
0.002897
0.002082
0.012340
0.003286
0.006763
0.002786
0.004577
0.011693
0.006384
0.002773
0.002068
0.004993
0.012585
0.005691
0.003433
0.004270
0.004418
0.012866
0.005500
0.002011
0.002529
0.002072
0.010279
0.008246
0.002422
0.004811
0.010264
0.003670
0.001949
0.001947
0.002195
0.012226
0.005172
0.002014
0.002901
0.004942
0.003386
0.007306
0.002777
0.002754
0.002053
0.010948
0.003918
0.005640
0.003210
0.007674
0.011187
0.005001
0.002265
0.002671
0.010054
0.005231
0.003791
0.002550
0.002119
0.002854
0.010390
0.002808
0.002268
0.002159
0.002022
0.007638
0.006484
0.002269
0.002273
0.002508
0.013604
0.005914
0.002106
0.002112
0.005837
0.004071
0.003901
0.002999
0.003262
0.002019
0.008146
0.003648
0.006612
0.002698
0.007797
0.011017
0.003047
0.002391
0.007953
0.012369
0.003834
0.002224
0.001803
0.002338
0.010839
0.005805
0.002921
0.002052
0.002338
0.010315
0.006122
0.002252
0.002720
0.002168
0.008202
0.004056
0.002397
0.002428
0.002746
0.009137
0.003811
0.004729
0.002201
0.002115
0.008726
0.007756
0.002569
0.003005
0.002348
0.002825
0.006362
0.002507
0.002129
0.002576
0.010360
0.003549
0.006700
0.001945
0.001910
0.009967
0.007288
0.006729
0.002962
0.002433
0.004772
0.002896
0.002245
0.002367
0.001941
0.010457
0.006886
0.004462
0.003841
0.002107
0.009066
0.007065
0.002811
0.002508
0.002674
0.009154
0.001932
0.003649
0.002575
0.001974
0.011675
0.004531
0.005904
0.003283
0.009275
0.006280
0.006133
0.006141
0.002838
0.002131
0.009324
0.004897
0.002787
0.002826
0.005473
0.010087
0.006865
0.003063
0.002807
0.005241
0.005187
0.006718
0.002716
0.003517
0.009846
0.009234
0.005562
0.002876
0.002855
0.002864
0.010685
0.003396
0.002032
0.001938
0.005619
0.006770
0.007187
0.003203
0.002777
0.004326
0.009532
0.003377
0.001946
0.002529
0.001975
0.011466
0.002110
0.002594
0.001812
0.008102
0.012397
0.005525
0.003447
0.003313
0.002344
0.007171
0.003046
0.001943
0.002038
0.003697
0.008989
0.003052
0.002792
0.002763
0.004098
0.008830
0.007981
0.002095
0.005800
0.010569
0.012158
0.002099
0.001935
0.002172
0.011583
0.005759
0.002830
0.002740
0.001874
0.013166
0.004947
0.002502
0.003154
0.002072
0.008008
0.002885
0.003658
0.001943
0.002504
0.012750
0.007186
0.002244
0.002011
0.005692
0.010087
0.003568
0.002524
0.002724
0.002878
0.012182
0.002835
0.002800
0.002158
0.002882
0.013462
0.004744
0.001855
0.002278
0.002140
0.009542
0.003071
0.002680
0.002399
0.007977
0.009120
0.007767
0.002484
0.008269
0.011378
0.007637
0.002772
0.002957
0.002463
0.011373
0.005518
0.003088
0.004014
0.004091
0.009029
0.002945
0.002808
0.002108
0.002333
0.009430
0.005369
0.002664
0.002407
0.002228
0.010039
0.006119
0.003375
0.002915
0.005146
0.008611
0.009584
0.002887
0.002475
0.002619
0.011952
0.010982
0.002535
0.002468
0.004966
0.012443
0.007645
0.003249
0.002225
0.001849
0.011859
0.005138
0.002209
0.002433
0.002531
0.011615
0.004593
0.003087
0.002654
0.006080
0.011241
0.007091
0.003185
0.003314
0.009785
0.007236
0.004172
0.002938
0.002631
0.003787
0.010928
0.002815
0.001940
0.003422
0.007999
0.020352
0.003138
0.002752
0.002762
0.002521
0.008932
0.007898
0.002732
0.003312
0.002626
0.011603
0.003945
0.002351
0.010273
0.009282
0.008963
0.002132
0.002014
0.003028
0.011785
0.003057
0.003352
0.002749
0.010940
0.012904
0.002351
0.002637
0.002770
0.002947
0.012057
0.006569
0.003359
0.002409
0.001974
0.011635
0.003243
0.002754
0.002826
0.002386
0.012511
0.004941
0.002540
0.003373
0.006673
0.007010
0.003087
0.002888
0.002993
0.003310
0.011053
0.005029
0.002301
0.007767
0.012248
0.006247
0.003945
0.002922
0.002427
0.013387
0.007777
0.002318
0.002596
0.002183
0.008579
0.004649
0.002513
0.002837
0.002505
0.006823
0.006613
0.002646
0.002010
0.002229
0.011522
0.006327
0.002791
0.003294
0.002295
0.012506
0.004389
0.002952
0.002635
0.002572
0.007085
0.007559
0.003148
0.002253
0.002394
0.008625
0.008441
0.008508
0.002985
0.002763
0.011607
0.011241
0.005800
0.003438
0.006379
0.009999
0.004897
0.002735
0.002493
0.007032
0.003044
0.005818
0.002795
0.001965
0.002637
0.008714
0.008568
0.004702
0.002604
0.002761
0.010839
0.003988
0.002071
0.002555
0.002308
0.003092
0.004868
0.002260
0.003267
0.002483
0.011431
0.006551
0.008499
0.002763
0.004308
0.007179
0.007290
0.002742
0.001797
0.003027
0.009933
0.006906
0.002655
0.003665
0.008025
0.008188
0.006944
0.003586
0.002762
0.006453
0.013576
0.003986
0.002538
0.003790
0.004637
0.012445
