0.009569
0.007243
0.004109
0.003753
0.003493
0.008280
0.003709
0.006942
0.004071
0.005858
0.007723
0.009135
0.008435
0.003390
0.005984
0.005130
0.008642
0.006030
0.004195
0.003737
0.007020
0.009339
0.008559
0.003495
0.006720
0.011454
0.006822
0.008354
0.004167
0.003366
0.008590
0.008152
0.006385
0.003388
0.003695
0.014530
0.012203
0.008979
0.004775
0.007542
0.007921
0.011419
0.003843
0.003731
0.007414
0.009486
0.012526
0.012434
0.004023
0.008823
0.014673
0.006332
0.004775
0.006745
0.010427
0.004933
0.007509
0.004142
0.003548
0.009161
0.005772
0.006620
0.004421
0.003535
0.003650
0.017527
0.010681
0.004400
0.009882
0.011865
0.009797
0.011475
0.002935
0.009549
0.010369
0.004769
0.003949
0.003550
0.003003
0.007516
0.005092
0.006054
0.003157
0.003802
0.003104
0.005754
0.006069
0.003966
0.003692
0.011161
0.006623
0.008840
0.003396
0.003748
0.013222
0.009170
0.004710
0.003808
0.004874
0.005823
0.006937
0.005577
0.002865
0.004960
0.003930
0.013435
0.007872
0.003984
0.003564
0.003957
0.012086
0.007958
0.004195
0.009210
0.008354
0.008826
0.006823
0.003833
0.004402
0.006674
0.009226
0.006791
0.005431
0.003511
0.008553
0.007968
0.005409
0.003579
0.010520
0.012193
0.010775
0.003479
0.003268
0.010426
0.003906
0.004765
0.004036
0.003561
0.011984
0.009777
0.007563
0.009633
0.008183
0.010097
0.006311
0.004804
0.003935
0.003935
0.007131
0.008343
0.003685
0.003411
0.004181
0.010493
0.004844
0.006275
0.006582
0.003361
0.013199
0.006790
0.008908
0.003540
0.003559
0.010788
0.008775
0.006264
0.003759
0.004003
0.011086
0.010397
0.014715
0.003142
0.003898
0.011721
0.003617
0.003635
0.003377
0.003803
0.013022
0.012598
0.004002
0.004070
0.003331
0.013098
0.017481
0.003163
0.004509
0.004503
0.012486
0.006968
0.005598
0.004530
0.004015
0.010391
0.007067
0.005137
0.003797
0.007238
0.008359
0.011549
0.003763
0.004360
0.003229
0.009329
0.008270
0.009248
0.003491
0.008638
0.009041
0.008922
0.005991
0.004854
0.005880
0.011645
0.007659
0.007771
0.004097
0.003454
0.009583
0.009239
0.006380
0.003814
0.007551
0.008256
0.009122
0.015424
0.003079
0.003309
0.009001
0.008886
0.003590
0.006328
0.010526
0.009723
0.008752
0.005691
0.010907
0.008310
0.009448
0.008295
0.005064
0.002618
0.008784
0.008477
0.006742
0.003789
0.003197
0.011677
0.012780
0.008918
0.008552
0.007076
0.009904
0.011887
0.009307
0.003570
0.013600
0.010971
0.004522
0.003746
0.003790
0.011343
0.007675
0.008199
0.006603
0.007867
0.008296
0.009471
0.005027
0.006025
0.010335
0.007206
0.005380
0.003532
0.003101
0.008672
0.009578
0.009624
0.003939
0.002768
0.007643
0.008411
0.005380
0.003763
0.009929
0.009331
0.007665
0.010502
0.006742
0.012171
0.007338
0.010018
0.003403
0.003653
0.007014
0.006506
0.006024
0.006432
0.003468
0.013072
0.012144
0.006206
0.003734
0.004253
0.005656
0.011494
0.012890
0.011800
0.003645
0.004663
0.007948
0.006969
0.013349
0.003301
0.003493
0.011874
0.012388
0.008165
0.003191
0.003497
0.011284
0.015439
0.006725
0.004625
0.003280
0.009283
0.011992
0.004860
0.003564
0.002587
0.012216
0.004362
0.008758
0.003601
0.010112
0.004973
0.007619
0.003577
0.003284
0.006437
0.008675
0.011935
0.003065
0.003512
0.007458
0.011383
0.004675
0.005626
0.003372
0.008360
0.012379
0.003626
0.004193
0.003270
0.012156
0.007437
0.019974
0.003814
0.006633
0.010781
0.007559
0.008329
0.003872
0.003563
0.005864
0.008482
0.008133
0.002779
0.003114
0.005963
0.010585
0.010486
0.003166
0.003708
0.010498
0.012263
0.002986
0.006842
0.009441
0.009619
0.006602
0.003195
0.003626
0.011019
0.010157
0.003855
0.004205
0.003689
0.009675
0.010061
0.008367
0.004303
0.012940
0.010600
0.007168
0.009826
0.003134
0.007634
0.009436
0.008359
0.007582
0.003524
0.004181
0.009741
0.008937
0.003043
0.011096
0.003820
0.009554
0.005060
0.008695
0.009510
0.003365
0.007690
0.005864
0.011278
0.010448
0.014582
0.013711
0.007665
0.007680
0.003080
0.009721
0.016326
0.013085
0.003222
0.006080
0.009834
0.011744
0.010686
0.003114
0.013298
0.005702
0.014554
0.004952
0.002959
0.013173
0.013602
0.008968
0.007510
0.003059
0.013032
0.011187
0.007801
0.002927
0.003276
0.008152
0.008895
0.009750
0.003734
0.003204
0.011051
0.009816
0.007554
0.004778
0.003645
0.010391
0.009084
0.004074
0.003698
0.003924
0.007756
0.009638
0.004644
0.003574
0.004463
0.004976
0.010635
0.011379
0.004258
0.003117
0.010893
0.005360
0.003726
0.003288
0.009976
0.009917
0.008743
0.003286
0.003407
0.012915
0.009339
0.008083
0.003491
0.004837
0.010514
0.009655
0.010714
0.003819
0.008344
0.010142
0.010592
0.005091
0.004712
0.003661
0.009409
0.006350
0.007723
0.003878
0.003408
