0.002344
0.007811
0.001790
0.001663
0.003618
0.001817
0.005979
0.009547
0.002210
0.002479
0.001937
0.003174
0.004293
0.002470
0.002501
0.003345
0.006611
0.004636
0.002452
0.002745
0.002115
0.002218
0.001911
0.002141
0.002139
0.002451
0.002197
0.012878
0.008317
0.002434
0.001953
0.002020
0.010074
0.003445
0.003953
0.002597
0.006197
0.005994
0.002192
0.001842
0.002919
0.001849
0.006904
0.004813
0.002255
0.002446
0.007595
0.009944
0.002465
0.002103
0.001945
0.002058
0.013934
0.002008
0.002228
0.002908
0.001987
0.011310
0.005626
0.002187
0.002065
0.008721
0.012063
0.005848
0.001862
0.002837
0.002640
0.012022
0.001811
0.001583
0.002351
0.001815
0.007406
0.005774
0.003098
0.001950
0.003897
0.008479
0.004725
0.001879
0.002119
0.008031
0.016371
0.002499
0.001903
0.002070
0.004570
0.005632
0.001860
0.002056
0.002002
0.002770
0.008262
0.002934
0.002665
0.002629
0.003057
0.006046
0.002330
0.002371
0.002093
0.007232
0.004023
0.007699
0.002419
0.002195
0.015854
0.008517
0.003822
0.003942
0.010585
0.007892
0.001639
0.001809
0.002879
0.011624
0.001975
0.002239
0.002280
0.005715
0.011959
0.001978
0.002193
0.001985
0.003941
0.001732
0.002000
0.002300
0.006350
0.002135
0.001761
0.001926
0.001632
0.001886
0.007074
0.003090
0.001777
0.002027
0.002131
0.011403
0.001701
0.002510
0.001600
0.003475
0.005018
0.001899
0.001764
0.001912
0.001993
0.005091
0.002825
0.002482
0.001558
0.001861
0.004118
0.001796
0.002528
0.002051
0.001781
0.011255
0.002654
0.002552
0.002784
0.002089
0.007749
0.001809
0.002068
0.001864
0.001923
0.011655
0.001775
0.002699
0.001610
0.005210
0.007336
0.002194
0.001718
0.001975
0.006085
0.008321
0.002715
0.002301
0.002140
0.002600
0.006175
0.001735
0.001564
0.002133
0.005358
0.010318
0.001837
0.002494
0.002433
0.004250
0.001624
0.001618
0.002630
0.002076
0.003349
0.005051
0.001817
0.001892
0.002346
0.003325
0.010850
0.001933
0.007019
0.002260
0.007530
0.007297
0.006160
0.002261
0.002146
0.007966
0.004252
0.001832
0.002701
0.002457
0.002531
0.008164
0.001715
0.001936
0.002271
0.006527
0.002777
0.002273
0.002949
0.002409
0.002103
0.007834
0.002791
0.003121
0.001688
0.002457
0.004512
0.001626
0.003247
0.001880
0.007529
0.002879
0.002465
0.002242
0.002382
0.002131
0.011198
0.002711
0.001815
0.002999
0.006556
0.008043
0.002464
0.002381
0.002370
0.001882
0.002244
0.002146
0.002438
0.001926
0.002025
0.007006
0.001948
0.002422
0.002432
0.005265
0.007642
0.001638
0.002322
0.001758
0.004911
0.007124
0.002245
0.001689
0.002258
0.004357
0.003892
0.001808
0.001751
0.002439
0.008452
0.007729
0.002444
0.002178
0.002693
0.005961
0.002344
0.002007
0.002586
0.005214
0.009653
0.001829
0.001630
0.002409
0.002031
0.008259
0.001620
0.001745
0.006398
0.002848
0.002585
0.002531
0.002112
0.007964
0.006852
0.001816
0.001993
0.002575
0.006272
0.010289
0.001768
0.002453
0.002489
0.005283
0.005889
0.002136
0.001958
0.002716
0.010573
0.008883
0.003198
0.002247
0.002296
0.011457
0.008112
0.002384
0.002447
0.001801
0.001951
0.005412
0.002418
0.002909
0.002501
0.002412
0.001963
0.002611
0.002427
0.002508
0.001900
0.007065
0.002696
0.001845
0.003046
0.001953
0.007466
0.001845
0.002263
0.002112
0.004617
0.004175
0.002426
0.002008
0.002351
0.001738
0.008936
0.002592
0.001896
0.002744
0.001675
0.006154
0.002425
0.002474
0.002497
0.001765
0.008148
0.001620
0.002227
0.002023
0.001921
0.006925
0.001654
0.001741
0.002122
0.007743
0.003825
0.002594
0.002673
0.003418
0.007277
0.006291
0.003349
0.002292
0.001901
0.012239
0.005577
0.002161
0.001768
0.002112
0.003580
0.001925
0.002058
0.001946
0.002019
0.004544
0.002843
0.002057
0.002381
0.002098
0.008745
0.001934
0.002595
0.002203
0.002020
0.010350
0.001645
0.001860
0.001904
0.007262
0.006083
0.001706
0.002555
0.002591
0.001782
0.009879
0.001804
0.001727
0.002951
0.004517
0.005297
0.001844
0.001903
0.001614
0.007401
0.010764
0.002555
0.002543
0.001905
0.004974
0.007758
0.002160
0.002471
0.002442
0.002294
0.006434
0.004388
0.001693
0.001601
0.002099
0.006932
0.002032
0.001700
0.001896
0.008343
0.003556
0.001535
0.002415
0.002401
0.001726
0.005590
0.001849
0.002467
0.002067
0.001919
0.004252
0.004796
0.002495
0.002718
0.001998
0.001729
0.011292
0.001893
0.001774
0.001961
0.004208
0.005741
0.002153
0.002251
0.002106
0.001976
0.008426
0.002255
0.002825
0.002559
0.005392
0.003728
0.003226
0.001937
0.001783
0.005167
0.008783
0.002088
0.002656
0.003009
0.005952
0.006988
0.002799
0.002219
0.002549
0.002054
0.001908
0.002476
0.001842
0.002741
0.002441
0.001721
0.009871
0.002790
0.002090
0.002479
0.001988
0.004796
0.001863
