0.010603
0.010943
0.003752
0.003621
0.010643
0.006975
0.003931
0.003596
0.004082
0.007313
0.006452
0.007548
0.003584
0.012833
0.005260
0.008005
0.008929
0.003051
0.007244
0.008378
0.007397
0.006605
0.004083
0.004754
0.007850
0.012037
0.005963
0.007387
0.003738
0.009668
0.007261
0.004238
0.006498
0.004163
0.012135
0.008855
0.004428
0.003620
0.008824
0.008183
0.011340
0.005339
0.003922
0.003448
0.009586
0.012289
0.007859
0.003625
0.013362
0.004969
0.007173
0.003548
0.002879
0.012929
0.003635
0.007813
0.004776
0.003689
0.011017
0.010309
0.010531
0.003911
0.003279
0.003666
0.004173
0.007335
0.004538
0.003135
0.003993
0.011044
0.012897
0.002957
0.007167
0.011671
0.005637
0.006113
0.006606
0.009127
0.010804
0.011356
0.007791
0.003434
0.003519
0.012914
0.009788
0.008329
0.003005
0.003623
0.009439
0.007961
0.004986
0.003617
0.003802
0.014349
0.010245
0.006945
0.005094
0.004194
0.011192
0.007001
0.006105
0.004352
0.004088
0.002967
0.009644
0.005732
0.003131
0.005452
0.006169
0.007883
0.006794
0.003757
0.003436
0.006580
0.008338
0.005874
0.004025
0.004573
0.009029
0.004898
0.010273
0.003260
0.004091
0.009352
0.007442
0.004368
0.004195
0.003740
0.009918
0.010321
0.007674
0.003734
0.003284
0.008569
0.007029
0.008041
0.004290
0.003546
0.011122
0.004435
0.009611
0.003002
0.003533
0.011104
0.012915
0.008307
0.003648
0.003443
0.009700
0.007982
0.004394
0.003955
0.004317
0.007295
0.010671
0.003907
0.004904
0.008475
0.008293
0.002941
0.004753
0.003489
0.010459
0.010716
0.004701
0.004377
0.003648
0.011127
0.008250
0.008322
0.011255
0.010551
0.003602
0.008688
0.003890
0.003655
0.010538
0.007955
0.008023
0.003128
0.003276
0.004916
0.010191
0.004010
0.003800
0.003457
0.009933
0.006079
0.007797
0.004157
0.003539
0.006101
0.005737
0.007459
0.003866
0.006551
0.009413
0.010146
0.003739
0.003606
0.005265
0.009058
0.005595
0.006711
0.003569
0.003761
0.006564
0.007892
0.005737
0.006516
0.005756
0.006979
0.013985
0.013787
0.003952
0.004295
0.003631
0.009278
0.008835
0.008341
0.004460
0.011964
0.014443
0.007659
0.004458
0.003841
0.004580
0.013415
0.005489
0.003608
0.003747
0.008365
0.006437
0.002944
0.004789
0.003512
0.004798
0.006584
0.008732
0.003976
0.003453
0.015636
0.013078
0.004624
0.003327
0.008234
0.006942
0.010686
0.009012
0.008670
0.012146
0.012158
0.005136
0.003775
0.005866
0.010914
0.009423
0.010734
0.002893
0.009331
0.010916
0.008801
0.002707
0.008201
0.011790
0.007158
0.004131
0.013178
0.010035
0.007933
0.003424
0.004083
0.010646
0.011032
0.004884
0.009495
0.003447
0.010875
0.015832
0.003698
0.013193
0.003680
0.003220
0.004013
0.009549
0.005335
0.003831
0.012077
0.013261
0.007863
0.002933
0.003682
0.011401
0.008037
0.007794
0.003813
0.003316
0.005912
0.010423
0.011213
0.004124
0.004200
0.010393
0.008793
0.008734
0.009333
0.003126
0.010427
0.007824
0.004183
0.005389
0.003624
0.005927
0.008104
0.009022
0.003667
0.003940
0.006658
0.011378
0.009621
0.005505
0.004217
0.010500
0.007319
0.005381
0.004092
0.004067
0.006417
0.009170
0.009278
0.003567
0.009991
0.012650
0.003947
0.003778
0.003769
0.007295
0.012077
0.004745
0.003879
0.004621
0.010119
0.007419
0.006859
0.003919
0.010539
0.011408
0.003711
0.003680
0.004784
0.008856
0.009099
0.010156
0.004268
0.003766
0.010970
0.004486
0.011396
0.005432
0.003329
0.003431
0.008590
0.009509
0.004679
0.003806
0.003482
0.011432
0.011206
0.004677
0.018305
0.005481
0.011275
0.008492
0.007689
0.003498
0.002970
0.008993
0.004126
0.009286
0.002891
0.003905
0.010867
0.008055
0.011428
0.004156
0.003454
0.008944
0.012073
0.011706
0.003519
0.003807
0.010251
0.007666
0.004121
0.003647
0.004128
0.011213
0.009658
0.009856
0.003155
0.004617
0.002994
0.006520
0.007172
0.004123
0.003949
0.003989
0.004762
0.014714
0.006641
0.003830
0.009664
0.007972
0.008587
0.007993
0.003290
0.003569
0.010927
0.007380
0.007613
0.004465
0.010538
0.007807
0.003534
0.003922
0.009316
0.008697
0.008392
0.006393
0.003012
0.010170
0.009942
0.006820
0.003232
0.007409
0.008985
0.013011
0.013467
0.009342
0.008769
0.005618
0.005870
0.007083
0.003622
0.003766
0.009259
0.008247
0.012777
0.009529
0.009139
0.005413
0.012978
0.005671
0.003271
0.003036
0.012297
0.009881
0.010206
0.012443
0.003904
0.011845
0.012219
0.009721
0.003037
0.002958
0.003803
0.009445
0.003951
0.004650
0.013051
0.010759
0.003132
0.004183
0.012306
0.008538
0.009775
0.002758
0.009996
0.014980
0.011957
0.007746
0.002877
0.002913
0.004158
0.006112
0.009388
0.003381
0.004765
0.007888
0.014466
0.010429
0.003026
0.006474
0.008814
0.006863
0.004375
0.003259
0.008863
0.009679
0.016164
