0.005463
0.007287
0.004040
0.002821
0.011591
0.003088
0.005037
0.003634
0.012519
0.012061
0.005711
0.006240
0.002951
0.002819
0.010125
0.002848
0.006505
0.004192
0.002922
0.005480
0.004955
0.008281
0.004531
0.002372
0.010421
0.004872
0.006784
0.002949
0.004950
0.009094
0.007512
0.005070
0.003356
0.002328
0.007409
0.005316
0.006767
0.001922
0.002069
0.003112
0.003217
0.007868
0.002885
0.002858
0.010567
0.004314
0.005831
0.003286
0.002050
0.006526
0.008033
0.006201
0.002833
0.002099
0.012079
0.005277
0.003453
0.002839
0.006895
0.010232
0.003081
0.005007
0.002153
0.009824
0.005689
0.004099
0.002376
0.002726
0.010017
0.004357
0.003538
0.002318
0.003965
0.008910
0.003970
0.004544
0.002231
0.007750
0.008755
0.006910
0.004602
0.003307
0.002714
0.006344
0.004823
0.005900
0.002062
0.002502
0.008473
0.006524
0.006259
0.002961
0.002115
0.012817
0.006950
0.009518
0.002892
0.002066
0.004080
0.007625
0.007353
0.002910
0.002113
0.008560
0.003998
0.003758
0.003515
0.003460
0.008051
0.006732
0.007101
0.002876
0.003373
0.008529
0.004292
0.003408
0.005801
0.005884
0.012503
0.003982
0.003831
0.004268
0.001983
0.009449
0.004237
0.003225
0.003987
0.003028
0.005132
0.012024
0.007001
0.003880
0.004665
0.010884
0.003131
0.006344
0.008729
0.003051
0.010310
0.006774
0.006696
0.002620
0.002339
0.008900
0.005122
0.003601
0.002706
0.002562
0.010244
0.005735
0.002904
0.003278
0.002459
0.012062
0.005539
0.005556
0.009705
0.002033
0.007104
0.003990
0.003756
0.003359
0.002639
0.011289
0.008252
0.002969
0.004920
0.003230
0.007461
0.003642
0.011379
0.005675
0.002993
0.008307
0.007090
0.004912
0.003494
0.002281
0.012355
0.006419
0.003328
0.003953
0.006727
0.010090
0.005981
0.008512
0.002855
0.002516
0.009508
0.009217
0.002942
0.006581
0.002954
0.008065
0.005528
0.004418
0.011852
0.002561
0.006094
0.005923
0.004957
0.002409
0.211286
0.007322
0.002813
0.002593
0.002252
0.012100
0.003924
0.002899
0.001994
0.006362
0.014456
0.007277
0.002593
0.008724
0.004407
0.008351
0.003392
0.003545
0.006952
0.002098
0.006104
0.006778
0.003465
0.003041
0.002490
0.008872
0.006563
0.004122
0.002917
0.003658
0.014047
0.002772
0.006171
0.002132
0.003302
0.009058
0.007118
0.004218
0.003783
0.002124
0.010598
0.005893
0.004807
0.002701
0.001986
0.011310
0.005049
0.007217
0.002743
0.002376
0.008278
0.011720
0.006229
0.003478
0.004356
0.012661
0.007540
0.006162
0.002924
0.006951
0.005057
0.008532
0.004774
0.002361
0.008800
0.007468
0.004407
0.006508
0.003513
0.007895
0.011556
0.003588
0.006313
0.003662
0.002833
0.008830
0.003455
0.005479
0.002997
0.002038
0.010880
0.004528
0.003514
0.002597
0.008757
0.008140
0.003718
0.210529
0.002183
0.002820
0.006930
0.003150
0.010230
0.003283
0.005961
0.010595
0.004506
0.004060
0.002877
0.002795
0.010191
0.005878
0.007839
0.003647
0.003671
0.010804
0.005464
0.002869
0.003755
0.002490
0.006276
0.008248
0.009309
0.003735
0.002299
0.004858
0.007765
0.004052
0.002782
0.002239
0.005188
0.007528
0.003670
0.002845
0.002878
0.010129
0.002929
0.004777
0.002696
0.002945
0.008413
0.003319
0.006398
0.002471
0.002679
0.010404
0.008386
0.006202
0.011456
0.001985
0.011713
0.004487
0.004526
0.003020
0.002857
0.006848
0.008023
0.008238
0.003524
0.011841
0.011445
0.006549
0.004351
0.008582
0.007779
0.010638
0.007514
0.004710
0.003447
0.008982
0.006348
0.006139
0.003292
0.004179
0.002756
0.009603
0.007256
0.005929
0.002710
0.003492
0.011297
0.006860
0.006774
0.002843
0.004133
0.006371
0.003970
0.007289
0.003711
0.006821
0.022884
0.011454
0.006653
0.002520
0.003242
0.007999
0.007228
0.005754
0.002594
0.002954
0.009791
0.006981
0.003359
0.007502
0.007203
0.010486
0.007179
0.002972
0.007582
0.006670
0.004880
0.006424
0.007189
0.008891
0.003274
0.008520
0.002990
0.005321
0.003385
0.002573
0.008550
0.006684
0.007826
0.003618
0.002335
0.003539
0.002771
0.004558
0.002956
0.010762
0.008299
0.008332
0.004796
0.004410
0.007116
0.003281
0.002781
0.004316
0.004169
0.004655
0.003459
0.008760
0.005819
0.008813
0.008007
0.004672
0.002407
0.002705
0.013109
0.007317
0.002938
0.003439
0.005081
0.011219
0.004741
0.004019
0.002997
0.003321
0.010032
0.005324
0.003295
0.008045
0.013740
0.003959
0.006232
0.003346
0.004039
0.004808
0.005230
0.002815
0.002991
0.004205
0.012960
0.008415
0.006580
0.002544
0.007958
0.004801
0.008244
0.004878
0.004479
0.006455
0.005727
0.006414
0.002919
0.011564
0.008166
0.003738
0.002787
0.005509
0.010586
0.004233
0.005864
0.002946
0.003448
0.011968
0.003244
0.006617
0.002381
0.002643
0.007998
0.008907
0.007387
0.004352
0.002596
0.012190
0.009716
0.004859
