0.003651
0.002453
0.013336
0.006012
0.003274
0.002281
0.013382
0.009310
0.006869
0.007954
0.002986
0.010168
0.011315
0.009799
0.002905
0.003770
0.002575
0.010230
0.009096
0.002922
0.003285
0.002476
0.008040
0.007682
0.003373
0.003583
0.002340
0.013266
0.007057
0.002949
0.003092
0.008088
0.006040
0.007176
0.002910
0.002973
0.006548
0.011877
0.002443
0.002307
0.002587
0.002911
0.003351
0.003756
0.003041
0.005087
0.008192
0.004037
0.002584
0.002620
0.003435
0.012747
0.006434
0.003991
0.003154
0.003283
0.011279
0.005166
0.002269
0.003590
0.005064
0.013615
0.003638
0.003662
0.003709
0.002916
0.009369
0.007073
0.002952
0.002730
0.007511
0.005067
0.003665
0.003231
0.002689
0.005925
0.009891
0.005071
0.003026
0.002537
0.006492
0.004224
0.003293
0.003459
0.003090
0.007517
0.009550
0.004237
0.003053
0.003112
0.008067
0.011534
0.007416
0.004187
0.003273
0.002261
0.004683
0.007309
0.002621
0.002953
0.002886
0.007366
0.003150
0.002768
0.002786
0.002362
0.010948
0.004816
0.003158
0.002924
0.002772
0.009183
0.007123
0.002463
0.002916
0.009190
0.006496
0.004138
0.002745
0.003003
0.002801
0.012821
0.006855
0.009772
0.003465
0.005599
0.011568
0.004913
0.004207
0.003394
0.002798
0.005890
0.005255
0.002535
0.002817
0.002845
0.006810
0.014184
0.006627
0.002339
0.002949
0.002789
0.007313
0.007405
0.001909
0.003135
0.002797
0.002623
0.011265
0.004009
0.002811
0.002896
0.002924
0.007176
0.007169
0.004239
0.002359
0.002143
0.011311
0.008718
0.003899
0.002746
0.006393
0.010191
0.004105
0.002474
0.002582
0.007419
0.011023
0.004155
0.002298
0.002514
0.002533
0.004895
0.006535
0.003936
0.002689
0.218421
0.007922
0.003662
0.003961
0.002923
0.006460
0.007221
0.003362
0.003644
0.002222
0.002658
0.011112
0.002936
0.003132
0.003309
0.002745
0.011876
0.005996
0.003576
0.002425
0.008464
0.009678
0.002134
0.002852
0.004088
0.004006
0.012553
0.005098
0.003069
0.002940
0.007108
0.007587
0.003572
0.011747
0.002808
0.008427
0.013583
0.003109
0.002334
0.003500
0.005258
0.009136
0.010556
0.004298
0.002645
0.002843
0.010187
0.005111
0.003238
0.003891
0.004615
0.003960
0.006389
0.007261
0.002934
0.005398
0.007828
0.005017
0.003900
0.002404
0.002306
0.007696
0.004264
0.002891
0.001980
0.002530
0.010882
0.004737
0.008884
0.003382
0.003520
0.011785
0.003128
0.009746
0.003250
0.005228
0.012630
0.003766
0.007187
0.003846
0.002716
0.007560
0.006907
0.002699
0.002858
0.003237
0.011164
0.004476
0.002892
0.002240
0.003668
0.011221
0.005383
0.008752
0.002882
0.002687
0.012559
0.004591
0.002435
0.004376
0.009884
0.006701
0.004458
0.002757
0.002561
0.008397
0.011200
0.005830
0.009010
0.002502
0.007315
0.008918
0.007113
0.002550
0.002684
0.005740
0.008235
0.008346
0.005434
0.003768
0.002752
0.008056
0.004947
0.010064
0.002899
0.006244
0.005188
0.003686
0.002869
0.002265
0.002460
0.007630
0.005656
0.002671
0.002153
0.002797
0.011765
0.009336
0.009839
0.002075
0.007659
0.013174
0.004991
0.007082
0.002883
0.002712
0.005544
0.003218
0.003289
0.001936
0.003115
0.017552
0.005744
0.002753
0.002710
0.006985
0.005340
0.005680
0.002548
0.002464
0.002528
0.005651
0.010784
0.002499
0.003598
0.002673
0.011656
0.003203
0.002343
0.002867
0.002380
0.003288
0.010228
0.003680
0.003637
0.002762
0.011019
0.005106
0.006053
0.004101
0.005338
0.010216
0.005607
0.002647
0.004572
0.006884
0.004187
0.006574
0.008553
0.002473
0.007598
0.009002
0.008517
0.002611
0.003399
0.004889
0.005280
0.005241
0.005224
0.003052
0.003187
0.008264
0.007264
0.002832
0.002486
0.002426
0.004029
0.003222
0.005691
0.003950
0.002736
0.007933
0.004862
0.003011
0.002357
0.007755
0.010312
0.006827
0.003195
0.002744
0.002362
0.012236
0.003906
0.008779
0.002531
0.002801
0.011344
0.007645
0.003137
0.003528
0.002252
0.008082
0.004825
0.002728
0.003577
0.002947
0.011793
0.007226
0.002498
0.002729
0.009598
0.011483
0.003574
0.002282
0.003909
0.003337
0.004669
0.013638
0.004538
0.004325
0.009249
0.007964
0.004137
0.003069
0.003011
0.002793
0.011298
0.005173
0.002330
0.003641
0.002568
0.013502
0.006558
0.003110
0.002637
0.006056
0.007868
0.003413
0.007834
0.003396
0.002641
0.015741
0.007309
0.002820
0.002975
0.002135
0.008732
0.005275
0.002250
0.002790
0.006383
0.009299
0.005579
0.008929
0.002848
0.002374
0.010346
0.006394
0.005988
0.002571
0.008324
0.011379
0.004791
0.002906
0.002720
0.003826
0.003260
0.008111
0.005838
0.003110
0.002741
0.004129
0.007056
0.009785
0.002426
0.002844
0.007933
0.007609
0.003120
0.002747
0.005316
0.005014
0.009239
0.002184
0.003043
0.003192
0.009943
0.006550
0.003130
0.003062
0.005899
0.009093
0.004707
