0.007750
0.012969
0.003878
0.003819
0.007719
0.007755
0.005756
0.003666
0.003483
0.013545
0.008338
0.005181
0.004175
0.003926
0.010052
0.012793
0.012519
0.006763
0.008687
0.005089
0.010529
0.005090
0.004986
0.012509
0.015448
0.006187
0.003592
0.003294
0.009498
0.009984
0.013835
0.005647
0.003502
0.011042
0.006006
0.013397
0.003157
0.003835
0.012731
0.011921
0.007095
0.003854
0.004794
0.003200
0.016141
0.006010
0.008507
0.003615
0.009354
0.007326
0.005739
0.009748
0.003231
0.005640
0.009966
0.006719
0.003794
0.004941
0.009871
0.010982
0.006247
0.005212
0.010089
0.011350
0.012607
0.008381
0.004244
0.004657
0.005116
0.008910
0.008938
0.004088
0.003506
0.008389
0.008343
0.006251
0.003692
0.004900
0.011876
0.005916
0.004417
0.004012
0.003631
0.011679
0.011801
0.007056
0.003686
0.008750
0.013714
0.011001
0.009332
0.004085
0.006014
0.007197
0.006052
0.009769
0.004408
0.007763
0.007524
0.006918
0.003700
0.003611
0.012166
0.007008
0.004326
0.003685
0.003872
0.004549
0.011562
0.004187
0.004037
0.003574
0.009285
0.013198
0.003566
0.003938
0.003660
0.009075
0.009484
0.008983
0.004525
0.004324
0.008860
0.006747
0.006103
0.003669
0.005168
0.011157
0.008799
0.005258
0.005263
0.006311
0.014227
0.011246
0.004190
0.003438
0.003676
0.004873
0.005929
0.019779
0.004409
0.005101
0.007911
0.008219
0.008786
0.004181
0.004023
0.010237
0.011824
0.012011
0.007688
0.003581
0.008391
0.007842
0.006633
0.005831
0.004203
0.010378
0.013142
0.215062
0.005032
0.009296
0.012934
0.008959
0.007618
0.003639
0.005426
0.010885
0.009360
0.010329
0.007428
0.008815
0.010367
0.008473
0.007725
0.006570
0.004029
0.013953
0.008551
0.008984
0.003744
0.008092
0.004982
0.012553
0.004049
0.004815
0.007752
0.006941
0.008320
0.004413
0.005609
0.004965
0.009223
0.006945
0.005041
0.006802
0.012447
0.007736
0.009826
0.005986
0.013092
0.012758
0.005690
0.005037
0.003527
0.006060
0.007888
0.009452
0.009031
0.006675
0.003231
0.006266
0.011249
0.008119
0.003915
0.003328
0.010939
0.015545
0.008172
0.003811
0.005053
0.005395
0.007893
0.007695
0.004550
0.007077
0.006662
0.017880
0.008655
0.003910
0.003173
0.011862
0.007835
0.008803
0.003934
0.005560
0.009677
0.006687
0.008952
0.005495
0.004925
0.009614
0.008705
0.008396
0.004764
0.008098
0.008702
0.009081
0.005714
0.016760
0.016555
0.008817
0.004301
0.003401
0.009510
0.008596
0.005979
0.003667
0.005521
0.006971
0.008508
0.011875
0.005248
0.005132
0.011645
0.009620
0.007323
0.006490
0.007144
0.011693
0.004932
0.009139
0.003643
0.004281
0.006647
0.011264
0.015431
0.003623
0.003628
0.009162
0.009572
0.008134
0.005427
0.004165
0.009498
0.012844
0.010312
0.005911
0.004951
0.212509
0.215964
0.013665
0.008423
0.009356
0.007107
0.012023
0.006784
0.011655
0.007082
0.005390
0.215973
0.007834
0.007507
0.004707
0.007550
0.007972
0.012040
0.004021
0.004576
0.011353
0.005384
0.012748
0.004327
0.003588
0.015233
0.007479
0.009593
0.004882
0.003837
0.010024
0.010125
0.010009
0.011855
0.005425
0.007028
0.012376
0.009410
0.004426
0.004247
0.006819
0.005382
0.009118
0.003815
0.009453
0.010617
0.004609
0.013079
0.003909
0.003554
0.007905
0.010906
0.003266
0.008836
0.003854
0.009774
0.004717
0.003846
0.005692
0.003434
0.005373
0.008336
0.010475
0.004435
0.003501
0.009883
0.008039
0.003850
0.003895
0.002981
0.009553
0.007415
0.004991
0.006004
0.005849
0.009198
0.007837
0.004006
0.009080
0.009529
0.005498
0.003243
0.003868
0.003413
0.012573
0.010502
0.006030
0.003892
0.004822
0.010305
0.009333
0.010104
0.004289
0.003758
0.010364
0.010624
0.008458
0.004065
0.005156
0.007403
0.009138
0.012386
0.008941
0.004983
0.006347
0.012210
0.011528
0.003734
0.004530
0.009117
0.010960
0.008676
0.004306
0.005051
0.004183
0.010705
0.009896
0.004306
0.004790
0.009541
0.010733
0.008447
0.005786
0.003960
0.008075
0.009635
0.007122
0.003751
0.007408
0.008146
0.007499
0.005026
0.007857
0.003338
0.011760
0.008868
0.004811
0.004057
0.004538
0.011913
0.008916
0.004755
0.003491
0.010269
0.003726
0.003707
0.003576
0.009134
0.006966
0.006753
0.004224
0.003553
0.006543
0.012518
0.010185
0.006018
0.003588
0.003652
0.010202
0.008880
0.008300
0.003439
0.004186
0.009971
0.011640
0.006885
0.003488
0.003823
0.009673
0.011813
0.006277
0.006361
0.002804
0.013688
0.006177
0.008613
0.004567
0.003048
0.012163
0.012707
0.009328
0.008459
0.003249
0.008903
0.009973
0.007131
0.003644
0.003772
0.011636
0.009078
0.219693
0.003727
0.003385
0.010317
0.011035
0.010581
0.005427
0.004529
0.014042
0.010513
0.012300
0.006264
0.007289
0.007895
0.009392
0.008094
0.005203
0.003203
0.006454
0.011980
0.008401
