0.002779
0.002771
0.003270
0.002923
0.003672
0.004899
0.002984
0.002743
0.003166
0.002848
0.008276
0.002933
0.003274
0.005301
0.008969
0.004056
0.002954
0.003479
0.009453
0.013882
0.002984
0.002952
0.005073
0.002634
0.018837
0.004140
0.003921
0.002682
0.003389
0.013643
0.007801
0.005469
0.003951
0.008543
0.011451
0.007100
0.002449
0.004442
0.003670
0.008685
0.006241
0.002930
0.004614
0.003619
0.008130
0.006643
0.003730
0.002796
0.009999
0.007843
0.066013
0.003642
0.002619
0.003284
0.003388
0.008302
0.003094
0.002742
0.002600
0.009890
0.005942
0.006683
0.003151
0.003583
0.008508
0.003103
0.003805
0.002674
0.006242
0.011090
0.004689
0.006712
0.003202
0.011756
0.002715
0.007290
0.003051
0.002955
0.008492
0.011094
0.006072
0.003066
0.002838
0.007756
0.005567
0.004400
0.002967
0.002990
0.002921
0.002682
0.004145
0.003254
0.002973
0.004522
0.012067
0.007073
0.003273
0.002344
0.002790
0.006151
0.010158
0.008239
0.002914
0.003215
0.004562
0.010047
0.007783
0.002960
0.003767
0.002855
0.010616
0.013948
0.002845
0.002768
0.002955
0.010942
0.010076
0.003095
0.002760
0.002796
0.011760
0.007653
0.003599
0.003710
0.016543
0.004456
0.007464
0.002839
0.004163
0.013229
0.007602
0.002902
0.002974
0.003954
0.009645
0.004033
0.003738
0.003392
0.002929
0.002976
0.004085
0.003084
0.002881
0.002797
0.011795
0.003802
0.003621
0.002902
0.002443
0.010195
0.004049
0.004048
0.002591
0.002886
0.004457
0.004303
0.002902
0.002955
0.012248
0.006471
0.002843
0.002344
0.003463
0.010030
0.004010
0.003161
0.003463
0.002894
0.012100
0.011022
0.002357
0.002536
0.008106
0.011852
0.007792
0.002900
0.002490
0.002957
0.008531
0.005377
0.003221
0.003424
0.002725
0.009844
0.003758
0.002917
0.002772
0.003083
0.008888
0.003190
0.003422
0.003533
0.002699
0.008926
0.003779
0.003714
0.002975
0.003442
0.008337
0.004126
0.002862
0.003043
0.004334
0.008307
0.007221
0.002983
0.004553
0.003049
0.010758
0.004183
0.003619
0.004156
0.002699
0.010980
0.008999
0.003262
0.003810
0.002776
0.008675
0.004088
0.002731
0.002823
0.003785
0.002795
0.011312
0.004974
0.004368
0.013227
0.012156
0.003048
0.004671
0.003573
0.006151
0.004687
0.006147
0.004301
0.002975
0.008084
0.009952
0.010661
0.002856
0.003632
0.002910
0.011467
0.005902
0.003716
0.255364
0.002872
0.012002
0.007116
0.003305
0.009058
0.218080
0.008947
0.004224
0.003009
0.002601
0.003727
0.004139
0.007578
0.002724
0.003656
0.004210
0.008396
0.007149
0.002365
0.003030
0.005341
0.006793
0.006884
0.003262
0.003421
0.002921
0.008924
0.006903
0.004660
0.003206
0.003383
0.007339
0.006461
0.008420
0.003558
0.003260
0.016360
0.007176
0.003620
0.003003
0.011802
0.008528
0.003464
0.003182
0.003418
0.014180
0.003030
0.003966
0.003352
0.010621
0.009604
0.007474
0.003273
0.004135
0.008509
0.007252
0.006027
0.005632
0.003570
0.004188
0.005374
0.011533
0.007760
0.003549
0.006483
0.014481
0.007264
0.004717
0.003889
0.003560
0.013971
0.005507
0.003126
0.002917
0.002967
0.006422
0.004014
0.003842
0.004298
0.006015
0.008905
0.006009
0.003119
0.003388
0.003384
0.010325
0.008968
0.003973
0.004104
0.006899
0.004173
0.007296
0.004712
0.003931
0.213414
0.012113
0.005064
0.003558
0.003799
0.008773
0.003424
0.008089
0.003903
0.003624
0.005358
0.010103
0.007245
0.005700
0.004437
0.009995
0.011775
0.010371
0.003847
0.003285
0.003452
0.005032
0.005322
0.003472
0.004491
0.017963
0.004717
0.003452
0.002667
0.002407
0.011528
0.007828
0.004723
0.003405
0.004407
0.003859
0.007670
0.003614
0.003496
0.006672
0.008989
0.014394
0.003690
0.002876
0.003062
0.009246
0.004899
0.002893
0.003682
0.002924
0.011190
0.009736
0.006164
0.002760
0.003128
0.003589
0.003795
0.003836
0.003016
0.004460
0.007634
0.007788
0.004287
0.003134
0.003755
0.002924
0.010488
0.006711
0.002961
0.007116
0.010053
0.007442
0.004112
0.002720
0.008031
0.012204
0.005238
0.002960
0.002709
0.002642
0.009135
0.004495
0.003659
0.003694
0.002597
0.014110
0.007982
0.002604
0.003447
0.002594
0.009547
0.009365
0.002648
0.003356
0.003423
0.003898
0.010497
0.003979
0.002836
0.003135
0.013008
0.011766
0.003036
0.002423
0.003400
0.008150
0.008863
0.003709
0.003484
0.003472
0.004620
0.008437
0.002857
0.002673
0.002861
0.002957
0.005487
0.005084
0.003599
0.004074
0.004075
0.007800
0.006565
0.003575
0.007660
0.010197
0.007622
0.002880
0.003126
0.007574
0.009729
0.008326
0.004453
0.003810
0.003835
0.012164
0.007063
0.002179
0.003513
0.010299
0.009293
0.011471
0.004510
0.004185
0.003414
0.006219
0.008452
0.003302
0.002911
0.006256
0.005897
0.004889
0.009887
0.003435
0.004346
0.008450
0.010769
0.002985
0.002578
