0.002747
0.002425
0.009121
0.015221
0.009299
0.002695
0.002266
0.214818
0.010814
0.002299
0.001800
0.003132
0.003613
0.011954
0.002014
0.001870
0.001794
0.006046
0.004794
0.002361
0.004870
0.005499
0.012442
0.004999
0.002684
0.001802
0.003632
0.008107
0.003546
0.002761
0.002322
0.007365
0.007575
0.003259
0.001788
0.002767
0.002067
0.007168
0.002044
0.002187
0.002063
0.002996
0.216568
0.002616
0.002306
0.001988
0.005879
0.006487
0.002520
0.002831
0.002202
0.005919
0.010870
0.002482
0.002461
0.002049
0.002113
0.005917
0.002021
0.002057
0.002210
0.001874
0.007869
0.003610
0.003487
0.003927
0.008645
0.005891
0.002212
0.001865
0.002979
0.005488
0.003136
0.002040
0.003923
0.002126
0.002444
0.003733
0.012001
0.007421
0.002789
0.002334
0.006363
0.006739
0.001877
0.001803
0.002364
0.002701
0.005304
0.001938
0.002274
0.002722
0.006953
0.004018
0.001916
0.002771
0.002111
0.002874
0.002636
0.002061
0.002122
0.002667
0.005193
0.002515
0.002630
0.001925
0.006857
0.002545
0.002241
0.001797
0.009440
0.002833
0.001858
0.002099
0.012360
0.007429
0.002518
0.002089
0.002145
0.002101
0.004548
0.002333
0.002095
0.002088
0.001883
0.014354
0.004201
0.002683
0.004630
0.002872
0.006397
0.002331
0.002494
0.001864
0.006211
0.003968
0.002224
0.002584
0.002793
0.002495
0.004446
0.002084
0.002934
0.002447
0.002285
0.013992
0.002465
0.002677
0.001848
0.002150
0.003296
0.002128
0.002552
0.002285
0.002014
0.003731
0.001881
0.007767
0.003084
0.002220
0.008939
0.001773
0.002510
0.005528
0.002054
0.006560
0.009581
0.003137
0.002585
0.002694
0.008060
0.006123
0.002709
0.003046
0.002654
0.002082
0.007780
0.005036
0.002817
0.002032
0.002097
0.012213
0.001954
0.002427
0.002205
0.002092
0.003099
0.002763
0.002106
0.002784
0.002215
0.008335
0.002807
0.002681
0.002567
0.002362
0.006810
0.003806
0.003816
0.003121
0.007741
0.009508
0.003106
0.001824
0.002790
0.007582
0.007474
0.001891
0.002688
0.002160
0.002464
0.009932
0.002330
0.002475
0.003170
0.002130
0.008491
0.003249
0.001953
0.002792
0.016545
0.048001
0.002759
0.002594
0.003104
0.002279
0.003662
0.002237
0.002300
0.002414
0.001871
0.006631
0.002845
0.002230
0.002374
0.002350
0.005678
0.002172
0.002768
0.001889
0.001766
0.006892
0.001907
0.001847
0.003583
0.010698
0.002112
0.001928
0.003180
0.002379
0.006360
0.003814
0.002649
0.003005
0.002325
0.002091
0.008637
0.002159
0.002672
0.001752
0.002070
0.015308
0.001778
0.002117
0.002622
0.002670
0.006985
0.003104
0.003366
0.002195
0.002456
0.013059
0.003156
0.002348
0.002614
0.007580
0.006193
0.002757
0.001935
0.002829
0.002657
0.007205
0.002912
0.002315
0.003089
0.002176
0.009463
0.002740
0.002813
0.002128
0.007835
0.008185
0.003369
0.002537
0.002914
0.005775
0.002216
0.002479
0.002097
0.002414
0.007480
0.005978
0.004993
0.003114
0.002700
0.001805
0.003074
0.001879
0.002027
0.002761
0.002649
0.010642
0.002462
0.003195
0.003454
0.002322
0.007457
0.009289
0.003852
0.003583
0.005525
0.003842
0.002082
0.002864
0.001875
0.003767
0.011353
0.002115
0.002408
0.002955
0.001994
0.005721
0.002954
0.002466
0.001780
0.001975
0.007157
0.002933
0.003245
0.002132
0.003627
0.009090
0.002846
0.002373
0.002352
0.003306
0.008359
0.002799
0.002792
0.002089
0.002365
0.004227
0.002339
0.002549
0.002593
0.001891
0.003683
0.006341
0.003173
0.002240
0.007175
0.007350
0.003409
0.003006
0.002310
0.002671
0.004969
0.001812
0.003263
0.002761
0.008484
0.010013
0.001965
0.002024
0.002349
0.005795
0.002049
0.002295
0.002611
0.001925
0.009876
0.004433
0.003245
0.002858
0.001903
0.006083
0.005758
0.001897
0.002449
0.006374
0.009174
0.002043
0.002292
0.002580
0.004649
0.010196
0.004725
0.002422
0.002292
0.002509
0.006861
0.002530
0.002002
0.002029
0.002495
0.006432
0.002873
0.002934
0.002558
0.002255
0.005327
0.002033
0.002354
0.002670
0.002006
0.003461
0.001925
0.002483
0.003724
0.007172
0.007624
0.006680
0.002593
0.001975
0.001609
0.005231
0.005114
0.002394
0.002029
0.002055
0.004017
0.002276
0.002947
0.002034
0.012262
0.005806
0.002319
0.001894
0.002643
0.002513
0.010300
0.003424
0.002604
0.003483
0.005784
0.004564
0.002792
0.002259
0.002313
0.002084
0.003906
0.002638
0.002049
0.002666
0.008162
0.003187
0.003506
0.003234
0.002747
0.003439
0.008837
0.002016
0.002401
0.002638
0.001957
0.011699
0.001886
0.002741
0.002360
0.011203
0.005231
0.006159
0.002044
0.002674
0.002182
0.009480
0.003383
0.001883
0.002018
0.005453
0.004502
0.002082
0.003184
0.003236
0.011180
0.002131
0.006761
0.002515
0.002444
0.001957
0.005669
0.002140
0.002862
0.002434
0.004450
0.005017
0.006375
0.002637
0.001934
0.004847
