0.003508
0.005150
0.006150
0.008060
0.006184
0.012996
0.004119
0.023532
0.009196
0.008501
0.002538
0.004556
0.010148
0.005796
0.003899
0.004047
0.003183
0.013618
0.008119
0.007399
0.002482
0.008388
0.004156
0.003557
0.002413
0.008901
0.005315
0.005603
0.003067
0.002634
0.006674
0.003914
0.006200
0.003768
0.007080
0.006445
0.008688
0.004311
0.004091
0.003330
0.003407
0.006753
0.003367
0.004505
0.011050
0.008188
0.006073
0.002696
0.002988
0.008752
0.005914
0.006092
0.003413
0.004612
0.013136
0.004363
0.006114
0.003278
0.004351
0.013543
0.006830
0.006447
0.003183
0.002912
0.009658
0.005411
0.005178
0.007657
0.002538
0.005003
0.006244
0.007537
0.003953
0.002451
0.012575
0.005858
0.011175
0.003780
0.004043
0.009643
0.010055
0.007678
0.004162
0.003043
0.012106
0.005622
0.004428
0.006773
0.002829
0.012651
0.006734
0.005215
0.008807
0.003401
0.003760
0.005320
0.008275
0.003633
0.004311
0.012630
0.007610
0.005128
0.006071
0.003427
0.012208
0.007240
0.002970
0.002914
0.002443
0.011477
0.007012
0.007704
0.003344
0.003477
0.007582
0.007408
0.003679
0.007905
0.008155
0.011535
0.007753
0.011388
0.002953
0.002567
0.009428
0.006748
0.007619
0.002595
0.002897
0.215297
0.006839
0.004918
0.003170
0.003589
0.007215
0.004503
0.005032
0.007194
0.003776
0.011001
0.004950
0.010619
0.010450
0.002536
0.009751
0.007932
0.003074
0.003550
0.004210
0.011273
0.010885
0.009659
0.007865
0.003016
0.011537
0.009360
0.211561
0.003267
0.008035
0.010765
0.007739
0.008619
0.002562
0.004318
0.007352
0.007031
0.006952
0.002313
0.014005
0.012401
0.008183
0.007275
0.003978
0.007642
0.007953
0.003575
0.008045
0.002979
0.002756
0.011547
0.007026
0.006681
0.009939
0.002541
0.007940
0.008834
0.005944
0.003140
0.002596
0.012091
0.007006
0.003026
0.002792
0.002290
0.013043
0.007228
0.005325
0.008824
0.009178
0.004409
0.004676
0.005439
0.003264
0.002621
0.011643
0.003299
0.008969
0.002862
0.002335
0.010386
0.006501
0.008352
0.002584
0.003013
0.006109
0.007900
0.005439
0.003113
0.003079
0.006681
0.009033
0.004955
0.002490
0.003949
0.003679
0.009903
0.007227
0.005759
0.003691
0.002607
0.011236
0.007301
0.006939
0.009355
0.002809
0.009555
0.006986
0.008514
0.005876
0.003055
0.005361
0.003365
0.007684
0.003170
0.002967
0.010904
0.009574
0.003348
0.003860
0.007769
0.011694
0.010020
0.007812
0.003348
0.002703
0.008033
0.006266
0.005583
0.004665
0.002844
0.009425
0.004812
0.007987
0.003963
0.004048
0.012663
0.003290
0.008172
0.002953
0.004096
0.010364
0.005534
0.005989
0.002654
0.006080
0.008814
0.007056
0.006302
0.007081
0.003369
0.008955
0.007764
0.004000
0.003244
0.010762
0.010459
0.003158
0.007328
0.004966
0.002748
0.012375
0.006935
0.005084
0.003946
0.002558
0.009596
0.007440
0.004168
0.004197
0.003381
0.009772
0.006938
0.003077
0.004805
0.004969
0.011382
0.007100
0.006915
0.003523
0.003155
0.011812
0.006030
0.005513
0.003113
0.002563
0.015435
0.003442
0.006843
0.003802
0.002561
0.014279
0.003648
0.006399
0.010683
0.004561
0.008255
0.003865
0.006798
0.003239
0.003527
0.006346
0.007960
0.005560
0.004000
0.006644
0.007637
0.003167
0.005808
0.010678
0.008321
0.005707
0.006662
0.002940
0.003713
0.012101
0.006931
0.006702
0.003518
0.004055
0.008841
0.007080
0.006675
0.003639
0.008302
0.008619
0.008355
0.006872
0.002708
0.003343
0.007593
0.004540
0.004013
0.002519
0.004472
0.008301
0.011189
0.002444
0.003887
0.002551
0.011257
0.009358
0.006530
0.003296
0.003648
0.003966
0.009318
0.004893
0.004224
0.009790
0.003929
0.010213
0.006914
0.005655
0.008825
0.007101
0.014103
0.008302
0.007032
0.003793
0.006930
0.009755
0.007656
0.004889
0.002844
0.003951
0.006658
0.005683
0.006123
0.003010
0.007810
0.010740
0.006981
0.004859
0.003219
0.002586
0.009362
0.008336
0.010568
0.003365
0.007595
0.010801
0.009860
0.006966
0.003201
0.003105
0.009924
0.005432
0.007626
0.002964
0.002899
0.010955
0.005354
0.007071
0.004403
0.002661
0.005731
0.005234
0.003942
0.003164
0.005576
0.015103
0.003556
0.004434
0.003756
0.006940
0.009990
0.006947
0.005433
0.003197
0.007402
0.011823
0.004618
0.009256
0.003053
0.003292
0.005231
0.004808
0.004018
0.003011
0.004191
0.009656
0.009104
0.007172
0.005212
0.002498
0.006683
0.005398
0.009592
0.004052
0.002911
0.010640
0.006259
0.003325
0.003290
0.002859
0.010397
0.005050
0.006508
0.005680
0.003183
0.011729
0.007416
0.003123
0.004400
0.004244
0.002973
0.005416
0.008450
0.002688
0.002345
0.011634
0.006398
0.006741
0.003859
0.003863
0.007041
0.005645
0.003091
0.003954
0.003015
0.009253
0.007131
0.005402
0.003813
0.002543
0.009846
0.008930
0.008509
0.003476
0.002967
