
0.000174 1.001089


0.000145 1.001901

0.000142 1.021900
0.000311 1.001302
0.000126 1.001822
0.000132 1.001258


0.000186 1.001474
0.000128 1.001371

0.000135 1.001153
0.000160 1.001188


0.000136 1.001682
0.000123 1.001860
0.000228 1.002039
0.000266 1.006126
0.000128 1.001551

0.000124 1.002207
0.000233 1.001833
0.017297 1.016013


0.000143 1.001490
0.000142 1.006022
0.004402 1.002935


0.000175 1.001208
0.000155 1.001467

0.000157 1.001777
0.000177 1.001898
0.000159 1.001575
0.000160 1.001423
0.000267 1.002047
0.000212 1.002045
0.000174 1.002023
0.000180 1.001175
0.000306 1.007111
0.000152 1.001597
0.000197 1.002138
0.000196 1.002424
0.001208 1.002952

0.000303 1.002694
0.000205 1.001974
0.000179 1.001335

0.000345 1.001961
0.000190 1.002062
0.000173 1.002082
0.000181 1.001775
0.000211 1.001269
0.000176 1.002106
0.000193 1.001778
0.000186 1.001215
0.000169 1.001469
0.000188 1.002150
0.000177 1.001421

0.000177 1.002060
0.000186 1.001951

0.000195 1.001433
0.000204 1.001927
0.000316 1.002373
0.000303 1.007062
0.000227 1.001377
0.000167 1.001263

0.000319 1.002365
0.000179 1.001885
0.004199 1.000112
0.000261 1.002042
0.000180 1.001843
0.000158 1.001752
0.000159 1.001743
0.004292 1.001861
0.000161 1.001743
0.000163 1.001952
0.000191 1.001283
0.000216 1.001552
0.003127 1.004945
0.000189 1.001959
0.000186 1.001573
0.000168 1.001485
0.001081 1.006945
0.000180 1.001222
0.000215 1.002290

0.000191 1.001529
0.000187 1.001319
0.000196 1.001411

0.000180 1.001562
0.000192 1.002136
0.004009 1.004940
0.000180 1.001444

0.000251 1.001354
0.000175 1.002582
0.004208 0.997105
0.000209 1.001820
0.000299 1.001689

0.000176 1.001545
0.004701 1.003845
0.000296 1.001288
0.000175 1.002196
0.000204 1.001210
0.000181 1.001584
0.000210 1.005977
0.000182 1.001263


0.000182 1.001144
0.000193 1.003882
0.000182 1.001270
0.000186 1.001439

0.000198 1.001401
0.002176 1.008015
0.000175 1.001506
0.000203 1.001863
0.000181 1.002438
0.000185 1.001728

0.000161 1.002142

0.000207 1.001235
0.000299 1.007061
0.004240 0.997130
0.000236 1.002196
0.000304 1.001565
0.000213 1.001799
0.000196 1.002192
0.002232 1.001948
0.002251 1.001994
0.000306 1.001385
0.000329 1.001730
0.000191 1.001752
0.000665 1.001896
0.000241 1.001646

0.000179 1.001594
0.000199 1.001640
0.002147 1.006926
0.000171 1.001358
0.000192 1.001845
0.000171 1.001847
0.000202 1.001852
0.002917 1.004849
0.000245 1.002168
0.000176 1.001525
0.000190 1.001509
0.000196 1.002138

0.000181 1.002041
0.000181 1.002055
0.000198 1.001431
0.000192 1.002491

0.000138 1.001662
0.000317 1.002578
0.000175 1.001324
0.000200 1.001811
0.000808 1.010962
0.005677 1.006883
0.000143 1.002176
0.000147 1.001744

0.000168 1.001348
0.000197 1.001678
0.000166 1.001935
0.000208 1.001388
0.000178 1.001606
0.000249 1.001695
0.000293 1.002196
0.000187 1.001386
0.000201 1.001484
0.001715 1.005003
0.000268 1.002116
0.000171 1.002288
0.000260 1.001250
0.000171 1.001849

0.000277 1.002247
0.000210 1.001306
0.000177 1.001433
0.000311 1.002426
0.003793 1.006914
0.000197 1.001321
0.000209 1.001285
0.000196 1.001876
0.004146 1.006961
0.003603 1.002856
0.000205 1.001507
0.000279 1.001998
0.000204 1.002532
0.004669 1.003871

0.000205 1.001968
0.000139 1.001776


0.000181 1.002261



0.001722 1.010916
0.005602 1.005069

0.000189 1.001846
0.000305 1.001973

0.000193 1.001581




0.000201 1.001362



0.000188 1.001548
0.000138 1.001559



0.000139 1.001178
0.000199 1.001598


0.005867 1.006830

0.000152 1.001688

0.000132 1.001346
0.000155 1.001440

0.000196 1.001578
0.000199 1.002508
0.005950 1.002897

0.000131 1.001359

0.000191 1.002034

0.003556 1.005853

0.000173 1.002143
0.000309 1.002560
0.000161 1.005083

0.000189 1.001291
0.000259 1.001517
0.000194 1.002443
0.001632 1.006933
0.004296 1.001861

0.000200 1.001482
0.000188 1.001968
0.000116 1.006131
0.000235 1.001695
0.000167 1.001666
0.000199 1.001783
0.000175 1.001528
0.000236 1.001486
0.000196 1.002043
0.000184 1.002108
0.000178 1.001602
0.000166 1.007066

0.000169 1.001924
0.000175 1.002674
0.000196 1.001199

0.000191 1.001346
0.000182 1.001454
0.000196 1.002033
0.000207 1.001041
0.000317 1.004200
0.000172 1.002508

0.000188 1.001855
0.003752 1.002882
0.000219 1.001212
0.000209 1.002145
0.000201 1.001331
0.000173 1.001152
0.003642 1.003930
0.000239 1.001650
0.000188 1.001518


0.000187 1.001250
0.000287 1.001764

0.000132 1.001741



0.000144 1.001664
0.000215 1.002007


0.000369 1.001700
0.000215 1.002043

0.000298 1.001954

0.000286 1.001711
0.000140 1.001130
0.000131 1.001161
0.000297 1.002437

0.000223 1.001205
0.000139 1.002111





0.000139 1.001167
0.000117 1.001661
0.000128 1.001408
0.000306 1.001887
0.000138 1.001400
0.000312 1.001860

0.000165 1.010093
0.006395 1.005929
0.000228 1.002489
0.000144 1.001701



0.006521 1.005929

0.000153 1.001638


0.000284 1.001542
0.000136 1.001708


0.002000 1.007931

0.000295 1.001837



0.004511 1.002859



0.001860 1.004977
0.000197 1.001937
0.000142 1.001543



0.000148 1.001897
0.000159 1.001784


0.000143 1.001950
0.000152 1.001719


0.003519 1.001989

0.000177 1.001094


0.004537 1.006858
0.000134 1.002354

0.000168 1.001154

0.006409 1.005926
0.000207 1.001301

0.000198 1.001893
0.004108 1.006033
0.000170 1.001225
0.000176 1.001216
0.000311 1.001569
0.000160 1.001297
0.000217 1.001808
0.000245 1.002312


0.001168 1.007924
0.000237 1.001598
0.000168 1.001773
0.000302 1.001158
0.000159 1.001333

0.000313 1.001749
0.000140 1.002623



0.002269 1.001973
0.000173 1.001151

0.000134 1.001655

0.000238 1.001498
0.000125 1.001200



0.000284 1.001627
0.000299 1.001834



0.000308 1.001493
0.000169 1.002017
0.000216 1.001856



0.000140 1.001604
0.000335 1.001651
0.000156 1.001204

0.000243 1.001720
0.000136 1.001226

0.000162 1.001470


0.000136 1.001911
0.000134 1.001622
0.000152 1.001527

0.000217 1.001522



0.000130 1.001371
0.000145 1.001231
0.000194 1.001944
0.000326 1.002320


0.000266 1.002534
0.000134 1.001357
0.000138 1.001680


0.000222 1.001829
0.000149 1.002102
0.000143 1.001659

0.003862 1.007904
0.000163 1.001588
0.000203 1.002099



0.006314 1.003841
0.000144 1.001079
0.000143 1.001815

0.000122 1.009472
0.000144 1.001253

0.000164 1.001524

0.000194 1.001874
0.000148 1.001262


0.002714 1.001929
0.006535 1.005941
0.000130 1.001296
0.000195 1.001520

0.000118 1.001613
0.000277 1.001569
0.000202 1.001590


0.002092 1.004859

0.000137 1.001263
0.000127 1.001229

