
0.000195 1.002389
0.000171 1.002453
0.000206 1.001828
0.000176 1.003289
0.000201 1.002363
0.000185 1.002014
0.000154 1.001741
0.000186 1.002178
0.000166 1.001816
0.000172 1.002385
0.000183 1.002563
0.000209 1.001777
0.000181 1.002551
0.000189 1.001819
0.000130 1.001989
0.000184 1.002006
0.004104 1.006008
0.000167 1.002535
0.000181 1.001770
0.000211 1.001842
0.000192 1.002836
0.001639 1.007501

0.000181 1.002017
0.000185 1.002098
0.000195 1.002206
0.000167 1.001693
0.000247 1.001632
0.000178 1.002015
0.000179 1.001651
0.000173 1.002975
0.000164 1.002322

0.000183 1.001964
0.000178 1.002364
0.000171 1.002312
0.000111 1.005498

0.000176 1.001995
0.000167 1.001487
0.000165 1.001520
0.005200 0.997041
0.000246 1.003157
0.000200 1.001512
0.000174 1.001705
0.000169 1.001655
0.000155 1.001937
0.000204 1.002559
0.000197 1.002327
0.000200 1.002333

0.001935 1.006373
0.000179 1.001879
0.000179 1.001925
0.000189 1.002332
0.000168 1.001624
0.005033 1.007374
0.000187 1.001920
0.000181 1.001930
0.000194 1.002443
0.000166 1.001706
0.000172 1.003246
0.000236 1.002935
0.000174 1.001723
0.000168 1.002267
0.000168 1.002242
0.000152 1.001603
0.000259 1.002529
0.000187 1.001788
0.000183 1.002092

0.016134 1.021320
0.000224 1.002233
0.000207 1.003046
0.000178 1.001768
0.000187 1.003250
0.002076 1.002354

0.000163 1.002935
0.000180 1.002951
0.000197 1.001529
0.004053 1.005311
0.000178 1.001933
0.000155 1.001736
0.000169 1.001853
0.000166 1.002145
0.000174 1.004503
0.000277 1.001792
0.000216 1.001636
0.000193 1.002174
0.000183 1.002253
0.000153 1.001664
0.000182 1.001779
0.000202 1.001848
0.000175 1.001712
0.000205 1.002286
0.000998 1.006404
0.000190 1.001956
0.000171 1.002004
0.000198 1.001905
0.000183 1.002428
0.003735 1.006329
0.000314 1.002019

0.000154 1.002311
0.000168 1.001842
0.000174 1.001672

0.000167 1.001983
0.000192 1.002018
0.000175 1.002567
0.000229 1.002646

0.000173 1.002060
0.000165 1.002132
0.000194 1.002505

0.000273 1.002045
0.000205 1.003270

0.000173 1.001732

0.000202 1.001856
0.000174 1.002315
0.000264 1.002488
0.000151 1.001672
0.000175 1.002184
0.000158 1.002439
0.000165 1.001663
0.000203 1.002083
0.000207 1.005440

0.000307 1.002664
0.000346 1.002335
0.000308 1.003170
0.000325 1.002003
0.001960 1.007708
0.000240 1.002078
0.000189 1.002560
0.000196 1.002340
0.000191 1.002502
0.003532 1.004388
0.000334 1.002498
0.000310 1.002247
0.000168 1.001566
0.000167 1.002427
0.000296 1.003705
0.000324 1.002595
0.000166 1.002439
0.000175 1.002345
0.000192 1.001867
0.000216 1.003224
0.000339 1.002436
0.000289 1.002804
0.000174 1.001883
0.000169 1.002039
0.000829 1.005423
0.000195 1.001610
0.000138 1.003061

0.000176 1.002046
0.003992 1.004315
0.000211 1.001824
0.000210 1.002538
0.000172 1.002483
0.000174 1.001944
0.000165 1.001715
0.000328 1.003028
0.000314 1.002196
0.000200 1.001574
0.000180 1.002049
0.000198 1.004287
0.000194 1.001872
0.000210 1.001918
0.000181 1.002228
0.000151 1.001641
0.000160 1.002485
0.000233 1.001825
0.000184 1.001631
0.000184 1.001724
0.000173 1.001812
0.000165 1.001797
0.000183 1.001903
0.000169 1.001965
0.000165 1.001557
0.000155 1.002593
0.001175 1.001458
0.000196 1.002463
0.000173 1.001623
0.000169 1.001536
0.000194 1.002487
0.005121 1.005335
0.000164 1.002114
0.000198 1.002466
0.000167 1.001893
0.000174 1.001883
0.000167 1.001672
0.000269 1.003282
0.000186 1.001535

0.000174 1.002604
0.003258 1.007642
0.000194 1.002309
0.000170 1.001555
0.000172 1.001961
0.000179 1.002226
0.003287 1.005888
0.000235 1.002226
0.000153 1.002207
0.000177 1.003115
0.000163 1.001895

0.000166 1.002045
0.000165 1.002029
0.000182 1.001808
0.000194 1.002385
0.000156 1.002617
0.000194 1.001972

0.000182 1.002257
0.000175 1.001572
0.000183 1.001654
0.000201 1.001954
0.000141 1.002074
0.000186 1.001571
0.000196 1.001853
0.001002 1.005387
0.000228 1.002171
0.000177 1.001943
0.000182 1.001756
0.000163 1.001972
0.000186 1.001553
0.000188 1.002064
0.000159 1.001672
0.000176 1.001841
0.000195 1.001772
0.000201 1.001930
0.000182 1.001904
0.000168 1.002108
0.000172 1.002398
0.000176 1.002148
0.000160 1.001523
0.000219 1.001794
0.000207 1.001833
0.000212 1.002078
0.000184 1.002063
0.004728 1.007231
0.000227 1.001668
0.000210 1.001984
0.000202 1.002070
0.000188 1.002237


0.000163 1.001843
0.000160 1.002406
0.000210 1.002381
0.005207 1.006336
0.000221 1.001727
0.000186 1.002428
0.000182 1.002919
0.000187 1.002016
0.004207 0.998149
0.000228 1.001596
0.000180 1.001797
0.000179 1.002197
0.000175 1.001554
0.000194 1.001918
0.000172 1.002140
0.000176 1.001826
0.000129 1.002006
0.000183 1.002282
0.000165 1.001478

0.000187 1.001731
0.000188 1.003088
0.000171 1.001974


0.000185 1.002163
0.000173 1.001930
0.000182 1.001480
0.003896 1.006514
0.000139 1.002227
0.000170 1.001942
0.000167 1.002475
0.000176 1.002171
0.000196 1.003247
0.000236 1.003542
0.000175 1.002253
0.000193 1.001964
0.000203 1.003168
0.000179 1.011163

0.000199 1.001841
0.000186 1.002301
0.000153 1.002364
0.001800 1.005343
0.000195 1.002687

0.000185 1.001788
0.000178 1.001857

0.000197 1.002863
0.000182 1.002111
0.000162 1.002030

0.004047 1.006405

0.000158 1.001909
0.000169 1.001983
0.000177 1.001992
0.002018 1.005383
0.000201 1.003492
0.000184 1.002302
0.000156 1.002013
0.000193 1.002350
0.000181 1.004630
0.002234 1.003375
0.000177 1.002461
0.000165 1.003474
0.000178 1.001968
0.000180 1.007416
0.000155 1.002324
0.000172 1.001815

0.000152 1.001946
0.004891 1.008375
0.003345 1.005441
0.000257 1.002511
0.000161 1.001821
0.000191 1.001687
0.000827 1.004443
0.000186 1.002729
0.000164 1.001918

0.000143 1.002146
0.000169 1.006055
0.000155 1.002979
0.000176 1.001794
0.000166 1.001894
0.000183 1.002499
0.000184 1.001597

0.000175 1.001910
0.000168 1.002440
0.000159 1.002164
0.000170 1.004383
0.000190 1.003554
0.000125 1.001960
0.000180 1.002208
0.000186 1.001838
0.000162 1.001673
0.000251 1.001668
0.000155 1.001543
0.000179 1.001553
0.000160 1.002004
0.005044 1.007338

0.000175 1.002067
0.000184 1.002130
0.000179 1.002414
0.006062 1.003479
0.000175 1.002560
0.000192 1.001786
0.000197 1.002377
0.000233 1.002412
0.000164 1.001689
0.000207 1.001795
0.000171 1.004024
0.000161 1.001674
0.000190 1.002275

0.000125 1.002036
0.000169 1.002294
0.000174 1.002647
0.000182 1.001694
0.002672 1.003441
0.000161 1.001915
0.000207 1.001471
0.000167 1.002083
0.000174 1.002236
0.000187 1.007104

0.000174 1.002310
0.000176 1.003162
0.000182 1.003121
0.000175 1.001707
0.003620 1.005311
0.000182 1.001654
0.000170 1.002224
0.000171 1.003167
0.005257 1.005362

0.000180 1.001633
0.000187 1.002337
0.000158 1.001533
0.000212 1.007341
0.002525 1.007367

0.000200 1.002482
0.000155 1.002742
0.003016 1.003366
0.000164 1.001800
0.000192 1.001743
0.000170 1.001884
0.000176 1.002360
0.006421 1.004483
0.000226 1.001649
0.000162 1.001732

0.000172 1.001730
0.000175 1.006315
0.001501 1.003448
0.000185 1.001867

0.000163 1.001726
0.002188 0.999469
0.000253 1.002614
0.000191 1.002014
0.000174 1.002353
0.000178 1.001720
0.001811 1.008116
0.000210 1.002226

0.000196 1.001782
0.000191 1.002197
0.000177 1.002454

0.000175 1.001799

0.000201 1.001683

0.002234 1.002417
0.000191 1.001670

0.000197 1.002383
0.000268 1.002661
0.000316 1.002318
0.000175 1.002436
0.000215 1.002718
0.000174 1.001985
0.000176 1.007395

0.000180 1.001712
0.000169 1.001957

0.000174 1.001985
0.000190 1.002174
0.000167 1.003200
0.000180 1.002143
0.004819 1.007521
0.000182 1.001862
0.000168 1.002091
0.000151 1.002707
0.000206 1.002334

0.000237 1.001904
0.000198 1.002664
0.000173 1.002276
0.000186 1.002365
0.000167 1.001577
0.000175 1.002208
0.000177 1.001706
0.000175 1.002101
0.000179 1.001876
0.001957 1.003509
0.005274 1.002354
0.000132 1.001999
0.000168 1.002123
0.000190 1.005171
0.000196 1.001528
0.000184 1.001938
0.000175 1.003213
0.000174 1.001777
0.000172 1.002433
0.002655 1.004347
0.000249 1.002035
0.000180 1.001732
0.000145 1.002102
0.000181 1.002381
0.000186 1.007018
0.000191 1.001944
0.000185 1.001821

0.000178 1.001543
0.000193 1.001639
0.000211 1.001669
0.000177 1.001828

0.000182 1.001700
0.003734 1.007003
0.000174 1.001875
0.000189 1.001824

0.000194 1.002390
0.000168 1.001692
0.000450 1.003463

0.000180 1.002500
