0.000208 1.002251
0.000176 1.002140
0.000289 1.002101
0.000178 1.001905
0.002831 1.003044
0.000246 1.001321
0.000289 1.002437
0.000177 1.001587
0.000149 1.002217
0.000168 1.002229
0.000164 1.001661
0.000186 1.001603
0.000166 1.001362
0.005092 1.001245
0.000194 1.001543
0.000187 1.001503
0.000151 1.001313
0.000173 1.001591
0.000198 1.001350
0.000279 1.001887
0.000156 1.001291
0.000188 1.001570
0.000177 1.002055
0.000165 1.001362
0.000233 1.001291
0.000176 1.001850
0.000185 1.001669
0.000159 1.001581
0.000199 1.001875
0.000224 1.001622
0.000176 1.001217
0.000191 1.001419
0.000155 1.001854


0.000163 1.001860
0.000160 1.001916
0.000195 1.002164
0.000182 1.001238
0.000195 1.001631
0.000170 1.001482
0.000180 1.001283
0.000165 1.002557

0.000297 1.001786

0.000163 1.002001
0.000175 1.001960
0.005020 1.007987
0.000168 1.002642
0.000184 1.001280
0.000162 1.001500
0.000155 1.001607
0.000862 1.004038
0.000202 1.001475
0.000170 1.001412
0.000160 1.002083
0.000166 1.002098
0.000176 1.004915
0.000185 1.001517
0.000178 1.001589
0.000192 1.001922
0.000169 1.002048
0.000117 1.004170
0.000190 1.001450
0.000250 1.002011

0.000164 1.002158
0.000157 1.001310
0.000207 1.001366
0.000183 1.001906
0.000178 1.001431
0.000166 1.001394
0.000176 1.001327
0.000325 1.002028


0.000156 1.006723

0.000181 1.001573
0.000177 1.001329
0.000187 1.001340
0.000196 1.002121
0.002974 1.005976
0.000209 1.002395

0.000176 1.001556
0.000152 1.001422

0.000187 1.001986
0.000187 1.001352
0.000160 1.001653
0.000179 1.001747


0.000164 1.001855
0.000184 1.001269
0.000183 1.002005
0.004813 1.006339
0.000165 1.001689
0.000176 1.002875
0.000139 1.003156

0.000192 1.003858
0.000235 1.001426
0.000197 1.001789
0.000217 1.001335

0.000232 1.001337
0.000133 1.002082
0.000175 1.001439


0.000157 1.009219
0.006556 1.006192
0.000128 1.001535

0.000302 1.002290
0.000171 1.001506
0.000218 1.001361
0.000185 1.001935

0.000158 1.001419
0.000204 1.005022
0.000286 1.003258
0.000178 1.002611
0.000207 1.001475
0.000178 1.001592
0.000194 1.001309

0.000174 1.001435
0.000245 1.001748
0.000177 1.001703
0.000159 1.001621
0.000169 1.001605
0.000182 1.001985

0.000184 1.001519
0.002728 1.005934
0.000209 1.001465
0.000171 1.001198

0.000166 1.002413

0.000200 1.001295
0.000183 1.002710
0.000182 1.002026
0.000199 1.002006
0.000165 1.001458
0.000244 1.001973
0.000191 1.002041
0.000154 1.001475
0.000163 1.002621
0.005227 1.006995
0.000337 1.001964
0.000184 1.001307
0.000187 1.001763
0.000182 1.002068
0.005289 1.002002
0.000163 1.001483
0.000170 1.001520
0.000194 1.002356
0.000197 1.001457
0.000708 1.003283

0.000176 1.001189
0.000163 1.001602
0.000191 1.001896
0.000186 1.001548
0.000206 1.001510
0.000187 1.002374
0.000291 1.001810
0.000175 1.001625


0.000169 1.001300
0.000196 1.002144
0.000173 1.001188
0.000286 1.006997
0.000266 1.002239
0.000166 1.001363
0.000321 1.002507
0.000318 1.002134
0.000144 1.001366
0.000306 1.001761
0.000332 1.002173
0.000256 1.001613
0.000217 1.001736
0.000150 1.001487

0.000304 1.001773
0.000176 1.001750
0.000166 1.002186
0.000157 1.001350
0.000294 1.002712
0.000184 1.002071
0.000346 1.002034
0.000175 1.003527
0.000185 1.001467
0.000189 1.001662

0.000177 1.001813

0.003432 1.003081
0.000164 1.001705
0.000176 1.001467
0.000172 1.002081
0.000198 1.001393
0.000161 1.001494
0.000199 1.002054

0.000163 1.001772
0.002966 1.005201
0.000214 1.001348
0.000165 1.002365

0.000156 1.001488
0.000239 1.001645

0.000175 1.001418
0.000174 1.006441
0.000172 1.001453
0.003883 1.003023
0.000191 1.002377
0.000177 1.001659
0.000133 1.001745
0.000231 1.002131
0.000201 1.002179
0.000151 1.001525

0.000187 1.001995
0.000160 1.001963
0.000209 1.001776
0.000237 1.001183
0.000191 1.001665
0.000179 1.001877
0.000177 1.001351
0.004270 1.006128
0.000161 1.001667
0.000220 1.001382
0.000327 1.002158
0.000186 1.001650

0.000229 1.001677
0.000174 1.001806
0.000170 1.001975
0.000174 1.001836
0.001848 1.003042
0.000252 1.001686
0.000245 1.002363

0.000233 1.001215

0.000155 1.001546
0.000159 1.002461


0.005641 1.007003
0.000134 1.001388


0.000265 1.001597
0.000169 1.001430
0.000174 1.001320
0.000177 1.001147
0.006898 1.003135
0.000178 1.001799
0.000138 1.001657
0.000168 1.001342
0.000158 1.001808
0.006975 1.005153
0.000140 1.001661
0.000182 1.001838
0.000183 1.001373
0.000164 1.001362
0.000214 1.001653
0.000246 1.001391

0.000193 1.002033
0.000187 1.001642
0.001702 1.003002
0.000299 1.001833
0.000184 1.001420
0.000187 1.002477
0.000162 1.001878
0.000223 1.001852
0.000253 1.002388
0.000313 1.002640
0.000165 1.002019
0.000201 1.003392
0.000200 1.006227
0.004449 1.006937
0.000190 1.002051
0.000190 1.001324
0.000308 1.002706
0.000177 1.001368
0.000190 1.001691
0.000174 1.001958
0.000167 1.002482
0.000194 1.001540
0.000168 1.001576
0.000216 1.002426
0.000137 1.001744
0.000183 1.001977

0.000320 1.001638
0.000172 1.001476
0.000181 1.001449
0.000177 1.001452
0.000191 1.001212

0.000137 1.001631
0.000186 1.001296
0.000310 1.001903

0.000201 1.004105
0.000319 1.001845
0.000193 1.001590
0.000193 1.002254
0.000155 1.001234
0.003050 1.005025
0.000187 1.001510
0.000169 1.001495
0.000157 1.001948
0.000195 1.002142
0.004070 1.002954
0.000253 1.001733
0.000353 1.001887
0.000205 1.001538
0.000306 1.002587
0.000168 1.001290
0.004436 1.002930
0.000199 1.002183
0.000188 1.001617

0.003208 1.005027


0.000198 1.002046
0.000184 1.002068
0.001929 1.006988
0.000207 1.002084
0.000177 1.001367
0.000192 1.001349
0.000175 1.001948
0.006597 1.004182
0.000139 1.001580
0.000201 1.002248
0.000315 1.002423
0.000173 1.001997

0.000169 1.001757

0.000187 1.001851
0.000180 1.001541
0.001968 1.002942
0.000280 1.002780
0.000173 1.001654
0.000202 1.001628
0.000191 1.001959
0.000158 1.007180
0.002558 1.005176
0.000195 1.001347
0.000315 1.001892

0.000188 1.001966
0.000216 1.001463
0.000321 1.002587

0.000197 1.001468
0.005290 1.007253
0.000187 1.002184
0.000200 1.002343
0.000242 1.001801
0.000185 1.001564
0.000185 1.001687
0.000212 1.001359

0.000320 1.001858
0.000178 1.001880
0.003935 1.004992
0.000285 1.001696
0.000313 1.001263
0.000205 1.002158
0.000183 1.001555
0.001804 1.009184
0.000187 1.001333
0.000185 1.001540
0.000315 1.002267
0.000320 1.002078
0.002924 1.003929
0.000248 1.002461
0.000172 1.001317
0.000186 1.001676
0.000172 1.001680
0.004803 1.003174
0.000368 1.002686
0.000193 1.001433
0.000186 1.001401
0.000194 1.001774
0.000192 1.001409
0.000180 1.002293
0.000201 1.001288
0.000208 1.001657
0.000188 1.001813
0.005138 1.003171
0.000129 1.001717
0.000202 1.002153
0.000198 1.002008


0.000179 1.002303
0.000209 1.001293
0.000173 1.001983
0.003089 1.002067
0.000173 1.001305
0.000183 1.001565
0.000204 1.001314
0.000316 1.002459
0.005246 0.997205
0.000233 1.001336
0.000149 1.001879
0.000198 1.002558
0.000199 1.002363
0.000186 1.001297

0.000316 1.001816
0.000173 1.002331
0.000185 1.001594
0.002011 1.006971
0.000260 1.002184
0.000201 1.001482
0.000202 1.002306
0.000191 1.002192
0.004193 1.005037
0.000205 1.001515
0.000191 1.001832

0.000187 1.001860

0.000163 1.001661

0.000140 1.001920
0.000137 1.001709

0.005471 1.004349
0.000225 1.001634
0.000281 1.001804


0.000181 1.001707
0.000178 1.002099
0.000196 1.001598
0.000179 1.001521
0.000205 1.005998
0.000199 1.002253
0.000187 1.001851
0.000187 1.003507
0.004071 1.003001
0.000208 1.001553
0.000191 1.001738
0.000173 1.001143
0.000165 1.001834
0.000155 1.004180
0.000188 1.001318
0.000166 1.001681
0.000212 1.001987
0.006088 1.006162

0.000185 1.001293
0.000195 1.002039
0.000198 1.002189
0.000173 1.005414
0.000228 1.001302
0.000197 1.002048
0.000194 1.001380
0.000176 1.001486
0.000186 1.003106
0.000189 1.001867
0.000156 1.002420
0.000234 1.002081
0.000185 1.001913
0.000240 1.001427
0.000228 1.001335
0.000176 1.001520
0.000202 1.002134
0.000215 1.001216
0.000163 1.001462
0.000199 1.001420
0.000170 1.001779
0.000198 1.002100
0.000177 1.001755

0.000193 1.001694
0.000190 1.002018
0.000188 1.001474


0.000165 1.003173
0.000183 1.001527
